,Coordinates,Oscillator_period,Genome,Age,status
creature_0,"['x_56', 'y_82']",10,"['D1574487', 'EC28BA2D', '83EC030B', 'F53450E1', 'DD61E36E', '15483906', '07E99CD4', '1112F005', '766EE868', 'F304F310', 'C919D2EE', 'E7AE8BA1', '45392CC0', '9E74445E', '1A18D099', 'B4B77DB6', 'B469565B', '98517A05', 'D84923B4', '04141580', 'BC91F706', 'B94F5E9E', 'E859B700', '72E63E0C']",141,unconfirmed
creature_1,"['x_40', 'y_58']",11,"['320CD249', '8CD99024', 'B6131718', '29C44F05', '3925F231', '6B155125', '950519B4', 'C4810BC6', '3136A296', '7F71610A', 'CD54AC5A', 'ED340226', '2E903A02', '6B155125', '657C8442', 'FCF84E1D', '75427CAA', '93E4F770', '0C9F0199', '57810B3A', '8DDA5C7A', '3C83C004', '65AD6F88', '8BDED9F9']",141,unconfirmed
creature_2,"['x_114', 'y_31']",20,"['4DE17FE6', 'B9BA3B93', '35231D13', 'AF9DE748', '2D814356', '72E630B6', '957BE629', '83EC030B', '84986253', 'E2F8D749', '999F0D4D', 'CFD87889', '7BFF9DF6', '68811C05', '71802F67', '6AFBFD8D', '0C1CDC12', '60FC1C3F', '54378A09', 'F0B3CE49', 'D59F39B6', '5B545C8D', '74E08B75', '64A88A89']",141,unconfirmed
creature_3,"['x_127', 'y_53']",10,"['557299DC', 'A8248CD8', 'CF3E7190', '5700AFF8', 'E50BD852', '57810B3A', '320CD249', 'DF1D8BDA', '88C93124', '9198C6BD', 'F17E545D', 'A08F07B8', '213F1485', 'E3BA6DF2', '3391CC69', 'F126E60F', '8974DE6B', '4977AB44', '3CD54AB9', 'AC2BBB4C', 'F20E521D', '1767A0D8', 'C6B24A19', '21C2793F']",141,unconfirmed
creature_4,"['x_53', 'y_52']",22,"['CC9D3266', '09594046', '2D48E7A1', '78C9C10F', 'C05D8423', '5B7452C3', '1C29F2D2', '3915150F', 'F77A2EF6', '5E6331C5', 'EE60C951', '1A929FD0', 'C45523AF', '4788B3C5', '53F98507', '584BCFEC', '2D3F1EC2', '37345834', '93E4F770', '4D49465B', '5B209CE0', '16B7C7B6', '8541C582', 'F20E521D']",141,unconfirmed
creature_5,"['x_76', 'y_72']",28,"['E74894B2', '53F98507', '1FA91C19', '51CE23E5', 'C0B2134F', '116FE1F3', '2E6562C8', '3136A296', '89BC2044', 'EC5A3800', '22C0615B', '14BB9D51', '0B9438B7', '673CB9AF', 'A4C2BCCE', '422A5ABD', '44A38608', 'D24B4D96', 'D739E5EC', '6B4CBAA5', '878F17B1', 'AB0387DF', 'D844C6BC', '199C458F']",141,unconfirmed
creature_6,"['x_127', 'y_16']",10,"['4CA6E8AE', '28AE838C', '4D49465B', 'E4788AF5', '9055E348', '5B7452C3', '3E5E60D0', '0315C701', '5B209CE0', 'D7F08942', '2FFA05F0', '84988060', '0634A501', '37F2FCA6', '3F9431F2', '0A698DAE', '72CE1E68', 'AAB01D2D', '4E619263', '09594046', '4E2D9144', '53F98507', 'FE4156C8', '1C29F2D2']",141,unconfirmed
creature_7,"['x_105', 'y_127']",10,"['6E74E529', 'EC253222', 'AB289279', '43D7522B', 'F47C421E', 'F357729A', '8217DCF9', '6BD384D5', '5694F172', '778118E5', '166FF6E8', 'E8F0360E', 'F652F4DF', 'B7931A86', '4D616D76', '953E2983', '122825E1', '5785F529', 'AE839F45', '6D6F75DE', '6A50959E', 'D6278E63', '8C768528', '5320E806']",141,unconfirmed
creature_8,"['x_127', 'y_42']",10,"['4087CE69', '4D007EA5', '3F5893D9', '78510B60', '143FDE57', '8F2A7C1D', '7BBD2F91', 'B7A6946B', 'BF99ECAA', '0E4B7DDD', '6DE2B10C', '2D671B03', '91B8B0EB', '9D745F76', 'FD5236EA', 'DF6AA058', '76A3EC5C', '1F330E53', '8541C582', '98A43E18', '29C44705', 'B5A3FFFD', '98517A05', 'C919D2EE']",141,unconfirmed
creature_9,"['x_127', 'y_109']",10,"['2582CC45', '518EFA39', '2A8D491C', '378FDB37', '96F19224', 'FFAFC954', 'C9D9C821', 'E1741238', 'A859CC09', '092CEEAB', '3E38D558', 'D435EA35', 'A2887A94', 'B36783F8', '3BDE4114', '9CC6276D', 'D802C346', '8360B4B5', 'C919D2EE', '7222872D', '230F8C2F', 'D31C5522', '2AE12C81', 'DF6AA058']",141,unconfirmed
creature_10,"['x_126', 'y_39']",10,"['C7477092', '47FD1765', '68811C05', '2171FC85', '4CA6E8AE', '4E619263', '13A889EE', '892EC5B9', 'D264F417', '0C550187', '94333B0D', '2B52EFA6', '25DC8513', '57736770', '7A345A3E', '08206506', '177774A4', 'F23B3C5B', 'C0AEF0EF', '69899ADF', '5694F172', '84988060', '2EE2C08B', '6B4CBAA5']",141,unconfirmed
creature_11,"['x_127', 'y_34']",149,"['4CF8EF8C', 'AFEADA11', '1B6883D5', '6B155125', '8393C94A', '26440BF2', '4D7AA41A', '593F2524', '8A923636', '89884797', 'A8246FFE', '14AEE726', '3E86C695', '614CCD17', '35231D13', 'A16EC09C', 'B1475B53', '8AE1D78A', 'C61F37DF', 'CBDE245A', '6C4C4AEB', '9983BBDD', '2D93C39E', '5615A924']",141,unconfirmed
creature_12,"['x_127', 'y_74']",145,"['D1331700', '953E2983', '8196A79D', 'D59F39B6', 'D9994B28', '4CF8EF8C', '144186A8', '0296E9E7', '115A5136', '6A50B59E', '0532368B', 'AAE0CA3B', '433BE5FE', '7B486FC8', '007C7F80', '3391CC69', 'BD2E87F2', '00D551A8', '7D89C1FF', '5B7452C3', '20881DD3', '1BADAE93', '91E7F81B', '05F1330D']",141,unconfirmed
creature_13,"['x_70', 'y_9']",10,"['16943B10', '5C3D487A', '07E99CD4', 'D7293B49', '593C42C7', '3D5284B6', '0D758F82', 'FC4A9676', 'C89A6A54', '01EF82E7', 'B94F5E9E', '8F2A7C1D', '5937DCD7', '2D678475', '4F824672', 'E7A20C37', 'A8DB6051', 'D74D86C7', 'B917474E', '1F330E53', 'BCF83E80', 'F3299DA9', 'B5A3FFFD', '9B802410']",141,unconfirmed
creature_14,"['x_42', 'y_127']",10,"['3AF3F8D2', 'C7D85A43', '3F38C6A2', 'AFC8990A', '0AA6BEA9', 'A0B241FA', '71BE4BA8', 'A9F35F5B', '5C1D486C', 'C8FDF0CC', 'F8EB0672', 'E872E8E1', '0CFE3F10', 'C19EF96B', '2B62273F', '18888C52', 'F1125973', '4CF86F8C', '552E48B1', '26440BF2', '9B0C48B5', '88BFDBFF', '2FFDDEF1', '8AE1D78A']",141,unconfirmed
creature_15,"['x_119', 'y_0']",149,"['4449B625', '92D83242', '6B155125', '2D0F86E7', '8A923636', '968D07C2', '5615A924', '26440BF2', 'DFF90370', '87D09778', '30C1A1D3', '65AD6F88', '28AE9CC3', '777EB007', '5BF63860', '8A70413E', '24D09083', '3E86C695', 'DAB61181', '166FF6E8', '89884797', '75A39D69', '87B52645', '67E934C2']",141,unconfirmed
creature_16,"['x_98', 'y_87']",10,"['9F39228F', 'F8EB0672', 'E872E8E1', 'A9F35F5B', '6D3ADED3', '116C1344', 'DEBCA2D6', '4CF86F8C', '028D18B7', '1FA91C19', '55BD4F75', 'A17EC09C', 'C832B623', '1734A9DE', 'AE0018BB', '19CD0BD7', 'ED9BAA32', 'AFC8990A', 'A4122050', '1919814B', '8218212C', '88BFDBFF', 'EE60C951', '58AEC8A4']",141,unconfirmed
creature_17,"['x_45', 'y_0']",10,"['AB86D095', '3915150F', '0A2CC3ED', '3E5E60D0', '9B802410', 'DE9559FD', 'A203D2EE', '2B52EFA6', 'C05D8423', 'C66881DB', '4C20D03B', 'A3A7E62A', '4E619263', '2A083EEA', 'AC4867EE', 'EE60C951', '4E2C9144', 'B2A5E1E7', '97A772CA', '41E752FD', '78C9C10F', 'CC9D3266', '5E6331C5', '08206506']",141,unconfirmed
creature_18,"['x_126', 'y_102']",128,"['BE436FE1', 'ECA5C4F8', '28C27AC9', 'F82E1760', '79E7D681', 'B5C50710', 'D84923B4', 'DAB5A90E', '6EE1691A', '04161580', '57F4A63A', 'E274E697', '0DE097F4', 'A8246FFE', '8B560A1A', 'C8019255', '5C9D3CD6', '3CD84BB7', 'FA6E69A5', '7DD0A4A5', '5316E2C3', '0319A751', '6EF16222', '1A18D089']",141,unconfirmed
creature_19,"['x_125', 'y_101']",10,"['79038BDD', 'A8F25545', '1112F005', 'EE99F48E', '4C5566C0', '70D48A4E', 'C7108CA4', 'C919D2EE', '2171FC85', '1112F005', '2582CC45', 'C0FA2E55', '4232A15B', '8CBA2C02', '1CDEA30D', '7091E9C3', 'E54481A2', '1AAF8EE5', '5CDB2C6B', '8CBA2C02', '79284080', '86FD2E42', '94B76027', '4E93D17E']",141,unconfirmed
creature_20,"['x_39', 'y_0']",142,"['37B9D0BD', '0AF4CF1C', '1ADFC2B6', '2D48E7A1', '58C153C9', 'E59604D7', '2D93C39E', '6FD8D63C', '4BABC455', '8F79F160', '93844BD6', '9CAF32F1', '66664009', '645ADD40', '20881DD3', '7781B0F5', '8CBA2C02', 'C45523AF', '4BF1C8FC', '3F121B79', '93E4F770', 'A068431A', '14A748B8', 'C5A19A4D']",141,unconfirmed
creature_21,"['x_108', 'y_125']",151,"['DE45D98D', 'C7D85A43', '91E7F81B', 'E313AA8F', '0D72203A', '5587490E', 'B26E84EA', '954DDF9B', '8645E7D9', 'EA8CC40C', '9AC27DD0', '69044DAD', 'E50BD852', '4925316A', 'DB7F23E0', '857ED838', '5A00730E', '20111E63', 'B548940F', '6D6C4FF0', '903CFA13', 'BA9CDAF4', 'D09F4E14', '2FFFF8F7']",141,unconfirmed
creature_22,"['x_63', 'y_24']",16,"['CB7A05A8', 'B2A5E1E7', '04335DFF', '5C1D486C', '20881DD3', '41461196', '7CFCE91E', '26AE0192', 'AAE0CA3B', 'B6B7ADCA', '9A0E465C', '953E2983', '433BE5FE', '115A5136', '144186A8', '6A50959E', '36E3675D', 'BB3BA03B', 'E7593622', '7D89C1FF', '67844244', '20881DD3', '6D6C4FF0', '6A50959E']",141,unconfirmed
creature_23,"['x_81', 'y_0']",53,"['91BDCCF3', 'F0944B4A', '89A87203', '1AA3CB4C', '4D31A308', '3CA8B4A6', 'EB61F948', '5650B7DC', '25005BBB', '23FCEEB7', '9C0B8EA5', 'F8BB657A', 'ED340226', 'F05B2C89', '2A0836EA', '5C08E6F4', '533D49D4', '079F8773', 'A0B61F74', '6C99E2D0', '6F0486C9', 'A8F25545', 'BA9167C3', '66C45409']",141,unconfirmed
creature_24,"['x_80', 'y_0']",70,"['5320E806', '6A50959E', '5694F172', '54A7A552', 'B80DF7F4', 'FBBCD2C4', '43D7522B', 'E18F8E6A', '6D6F75DE', '433BE5FE', 'B2BEBB48', 'A6A1CC2D', 'C3024C28', '097FC9A4', 'F47C421E', '0AB0F3BF', '6E74E529', '74466360', 'C6F30D6F', 'EDAD9501', 'ED105464', '5571E820', 'C1368D52', '0DE097F4']",141,unconfirmed
creature_25,"['x_55', 'y_82']",72,"['D62F1DF9', '57F4A63A', '63BF2BB7', '8C19F396', '5993BD8A', 'CC9D3266', '78F50172', 'EE60C951', '5C08E6F4', '1BADAE92', '78C9C10F', 'FB01CFD4', '1A584316', '8293FD26', '2D04119F', 'BE0A028D', '878F17B1', '4635A097', '844CA176', 'B6F86F69', 'B86737A8', 'E32B60E7', 'C66881DB', 'B12F5081']",141,unconfirmed
creature_26,"['x_27', 'y_127']",10,"['8196A79D', '1919AFC6', '042109FA', 'AC636961', '804510D2', '93294268', '3A952A5B', '5F94652C', '840F5FE3', '366629E0', '3F121B78', '9F8CE8D5', 'C0AEF0EF', 'B6B7ADCA', '9A0E465C', 'A4683772', 'EA1231BC', 'A4894B78', '445643C1', '3C22C221', '0296E9E7', '36E3675D', 'F4CFF919', '07291099']",141,unconfirmed
creature_27,"['x_127', 'y_115']",36,"['802FCD91', '36563CFA', 'E1741238', '909EFADD', '3BFA8611', 'D069B8E8', '5587490E', '9EA996DE', '1EAB2AB3', 'C012EFD3', 'A4894B78', '231B4B49', 'CBDE245A', 'BABC4BE5', 'C167264C', '640A6CCC', 'AEB01D2D', '4366961D', '280DBA79', '59319EA6', '4EE18C9A', 'ED34DC2D', 'E260BBE5', 'FDEB6F47']",141,unconfirmed
creature_28,"['x_75', 'y_71']",10,"['818961AE', 'B5CF1CB8', '98CBACB3', 'F58DD222', '55ACBF9B', '5977D0FD', '9916A5D3', '53083AC7', 'D939350C', 'E76FD62F', '3BDE4114', '130B2F8E', '18F22DAD', '6F49D767', 'AA6A13DA', '326D944A', 'E4788AF5', 'CBED0331', 'DF1C0F15', '752AC979', '2E3F235B', '5296957B', '0858D308', '9038FDF0']",141,unconfirmed
creature_29,"['x_54', 'y_127']",10,"['0A66CEA2', '1AA3CB4C', '1CDEA30D', 'C25571B0', 'B83C6908', '422A5ABD', '4087CE69', 'D49A518F', 'C7F1D080', '903CFA13', 'F1ECD5A7', 'DAB002D3', '5490C36E', '954DDE9B', 'F42AFA1E', '75E022C2', '0E8C422B', 'B5C930BE', 'E43A2C59', 'C6F30D6F', 'D0EDB465', '4E92DDA5', '548B943E', '2B8ED0C5']",141,unconfirmed
creature_30,"['x_112', 'y_84']",24,"['F5F309F4', '802FCD91', '020FBD60', 'F4245779', '26A1D984', '9949DA34', '5B6777B2', 'FA6E69A5', '217F434D', '54378A09', 'DD3DD66E', '6B4D1DA8', '4F4C567E', 'D216978A', '6AFBFD8D', 'B7A6946B', 'AF56E828', '9983BBDD', '6D6C4FF0', 'ECA5C4F8', '5406800F', 'AE0018BB', '4425109A', '4BF1C8FC']",141,unconfirmed
creature_31,"['x_127', 'y_57']",51,"['5C463166', 'EFFC0F15', 'A3818D72', '1ADFC2B6', '2D93C39E', '6EBBAE18', 'A8048CD8', '4453FD4C', '00747F80', '2E152217', 'F82E1760', 'BE73253A', '7478F76D', 'E2735296', '24DA34C2', '177774A4', 'DB644252', 'FB3AF46F', 'AC47DA89', '953E2983', '1A95B2AE', 'B78C6CBC', '09153649', '89F5777B']",141,unconfirmed
creature_32,"['x_126', 'y_75']",10,"['2D93C39E', 'A29CD422', 'A25FDBDD', '7D92D0C1', '4980E4DA', '22025FC8', '0F2E60C6', '558EEDAE', '14D9CA2D', '8392D94A', '6C99E7D0', 'A4122050', '54378A0D', '673CB92F', 'AB942D6A', '780CDCED', 'D30AB1E7', '07D70FF5', '143FDE57', '9DF0FB4D', '6017DA3B', '39CAACE6', '6C2337C2', 'E249429C']",141,unconfirmed
creature_33,"['x_124', 'y_95']",16,"['7C282119', 'B134352A', '954DDE9B', '018DFDFA', 'F602E340', 'FB323CBB', '422A5ABD', '9CE74DF6', '4E92DDA5', '735EEC52', '6B98A70B', '79F6A585', '5C6B077E', '208B4EE3', '72228729', 'DB644252', '51CD4957', '50B233CA', 'D0FDB465', '9FF0BD47', 'D0F114BF', '6267FCD3', '0C550187', 'A50B09B4']",141,unconfirmed
creature_34,"['x_125', 'y_61']",21,"['24EAC200', '6252E8B8', '909EFADD', '824C755B', 'C8FDF0CC', '5F5AC892', '263B3BCE', '8218212C', '0296E9E7', 'E50BD852', '9038FDF0', 'C0AEF0EF', '3BFC8105', '37685934', '4E93D17E', 'DFF90370', '75B12FAC', '68811C05', '854871DD', 'F20E521D', 'ED9BAA32', 'BBBB5769', '7DD0A4A5', '5785F529']",141,unconfirmed
creature_35,"['x_127', 'y_71']",10,"['125E8580', 'B5A3FFFD', 'D84923B4', '2BA0B9FA', '143FDE57', 'E8B778BC', '0E4B7DDD', '6B8CA017', 'BF99EC8A', '88A99BB6', '3A7C3DDE', '8541C582', '1F330E53', '594F0927', '954DDE9B', '903CFA13', '78C5855C', 'C034AA51', '1F5CD9BB', 'E50BD852', '8F2A7C1D', 'DB7F23E0', 'CC9D3266', 'D8FFC82A']",141,unconfirmed
creature_36,"['x_34', 'y_0']",32,"['614CC517', '6AFBFD8D', '1CDEA30D', '3F58BAEB', '27F68044', '2711251F', 'FAA3A6F7', 'D24B4D96', '72502338', '74EBCB56', '5C3D487A', '79038BDD', '2D93C39E', 'EFFC0B15', 'DFD9C938', '88C93024', '92B373AC', '039FFB9D', '1FA91C19', '6D60F825', '41BAD1E7', 'A4683772', '671FFE32', '8471D1B9']",141,unconfirmed
creature_37,"['x_126', 'y_59']",10,"['F0B11169', '4E92DDA5', '1D225401', '4980E4DA', '6C2337C2', 'F0DA66C0', '7490A18F', '270B55F5', '7891E9C3', '1035B1DD', '98A43E18', '614CC517', 'E273529C', '2D93C39E', '84986253', '548B843E', 'C3024C28', 'D30AB1E7', '6C99E3D0', '1CDEA30D', 'C5DD59A2', 'AB942D6A', '7D92D0C1', '2B8ED0C5']",141,unconfirmed
creature_38,"['x_126', 'y_111']",10,"['D2E85BDA', '293FD127', 'CD8AFD45', '6975A7E4', '54A7A552', 'AF9DE748', '08286506', '3BFC8105', '3F5893D9', 'CC9D3266', '2A36624F', 'BE2CBC1F', 'B5442F1A', '19F1BD08', '3AEE7609', '973BF6D0', '7DF387E2', '80027FE2', 'E67392FA', '973AF6D0', 'B13D0530', '4E92DDA5', '4AF931E4', '9A929FD0']",141,unconfirmed
creature_39,"['x_126', 'y_3']",10,"['6DE2B10C', '5376115C', '039FFB8D', '166FF6E8', '7C282119', 'A02EB9CD', 'FB323CBB', 'FFE6DB27', '3A3E399A', '0A449CDA', '9FF0BD47', 'A32812FA', 'CEB1657F', 'E308C27E', '5C6B077E', 'F7646DDA', 'DB644252', 'D001CD44', 'BB3BA03B', '3C02B3B5', 'A50B09B4', 'DB644252', '433BE5FE', '96BC58FE']",141,unconfirmed
creature_40,"['x_84', 'y_0']",10,"['6BD384D5', '4CE6DE41', '2543BDE9', 'A859CC09', '28EFED16', 'E313AA8F', 'A2A03215', 'F7E018F6', '1DB32122', '706DA9C2', '0791D65F', '95BCAD63', '74A2F301', '41E772FD', '6D6F75DE', 'B8945F6B', 'A9EF7752', 'D09F4E14', 'A92524AA', '120FEAF1', '1C501D6D', '2E903A02', '99500B3A', 'E688CAEB']",141,unconfirmed
creature_41,"['x_124', 'y_110']",17,"['BD6B0F6C', 'B56A6AB5', '8471D1B9', 'E50BD852', 'D9A09084', '37685934', 'DFF90370', '246949ED', '5F5AC892', '1CDEA30D', '27F68044', 'C8FDF0CC', 'FE8735FB', '599DB2DB', '1FA91C19', '0BB135B0', 'FF286C13', '01EFA2E7', '6252E8B8', '6CD9E88E', '263B3BCE', '400BCF41', '3BFC8105', 'DFD9C938']",141,unconfirmed
creature_42,"['x_127', 'y_1']",58,"['F993C448', '89F5777B', '89A87203', '8196A79D', '290BF8F8', '93290F16', '1BADAE92', 'FE5A2DC4', '1291F3BA', 'C1AD2514', 'D6F05B5F', 'D98C2DEA', '69899ADF', '50EEE56E', '5A4779D6', '5B65F89D', '89A87203', 'F07E64AD', '9C1CCA5F', 'D59F39B6', '4E75E747', '793D60FA', '5650B7DC', '23FCEEB7']",141,unconfirmed
creature_43,"['x_121', 'y_127']",36,"['AB0387DF', 'A1AD996E', '3BFA8601', '1112F005', 'D844C6BC', '48AD5927', '116FE1F3', '4496769F', 'A9322969', 'ED9BAB32', '3F103104', '35231D13', '9EA996DE', '9140E975', 'EE99F48E', '66053909', '24D09083', '62D3B362', '08B1B65F', '0B0754F1', 'E3C4AFCD', 'EA1231BC', 'A4894B78', 'C7045CF3']",141,unconfirmed
creature_44,"['x_126', 'y_47']",52,"['125C2F71', 'DB7F23E0', 'D09F4E14', 'BFFA905B', '6AFBFD8D', '506DA9C2', '8645E7D9', '72E63E0C', '0CA1492F', '0D72203A', '99E7F81B', '5615A924', '37232ECB', '20111E63', 'B548940F', '28E5A189', '54378A0D', '954DDF9B', '422A5ABD', '4925316A', 'E313AA8F', '95BA561A', '903CFA13', 'C7F926FE']",141,unconfirmed
creature_45,"['x_80', 'y_127']",10,"['55D946FC', 'F14D7CE7', 'FDE9E2DB', 'D9DCEAF1', '9038FDF0', 'C68ADBA2', 'C83437BA', '5650A7DC', '2A1823D0', 'F368762A', 'F58DD222', 'DB644252', '8270FCFE', '4158779C', '9A0E465C', '0858D308', '5BA13533', 'CBDE245A', 'DA7166EB', '13D9F4B0', '909EFADD', '979B16C3', '5F5AC892', '968D07C2']",141,unconfirmed
creature_46,"['x_74', 'y_0']",10,"['2C6750AA', '3AC2ECA5', '0B075471', '91D95D2F', '59BDFE8B', '752AC979', 'A97FFFA7', '9CD51A01', '4167264C', 'EADC6C39', '8BF6D498', '2FA2EC9D', 'BFF514C3', '4EE18C8A', '388F5F5C', '0AA6174A', 'C4BCACE5', '9424BAE8', '8004A15B', 'CCCF373A', '288535A2', '17B2DAD9', '0C455BFC', '9916A5D3']",141,unconfirmed
creature_47,"['x_0', 'y_1']",151,"['14D9CA2D', 'B5C147A5', '29C44505', '14B7D383', '231B4B49', 'D8F7B27D', 'FF26818A', '3AC2ECA5', '0634A501', '07A1FAF2', '6E858B27', '4F4CD67E', '2A85B7E9', '2C0FEFA8', '4D617B8E', 'B79C6CBC', 'C49A0989', '0A2CC3ED', '6AFBFD8D', '8217DCF9', 'AC4867EE', '844C5983', 'E110DCE1', 'EA773D84']",141,unconfirmed
creature_48,"['x_127', 'y_100']",10,"['92BD58FE', '7D2EE53B', '0FD33BCB', 'B22B2BC9', 'F2F7AE45', 'E8CBC0A0', '7FC44353', 'F602E340', 'CBA49281', '822DEDA1', '24DA14C2', '42A3ED44', 'ED342226', '74A2F301', 'AE839F45', '429EC71A', '6ABCDAC0', '5C463166', '8A7AD520', 'E44D0B8D', '8BFED1F9', 'E2E34162', '7C282119', '90A9F528']",141,unconfirmed
creature_49,"['x_124', 'y_0']",100,"['C6F30D6F', '8471D1B9', 'C3024C28', 'F4773178', 'AF9DE748', '0AB0F3BF', '05F1330D', '2024D0E9', '293FD127', '8DDF9597', 'B2BEBB48', '54A7A552', 'D5B07B81', '0DE097F4', '3065BA5B', '80027FE2', '8C666E33', 'CD8AFD45', '07806286', 'DF94652C', '7F5B3334', '1919AFC6', '973BF6D0', 'C02BE373']",141,unconfirmed
creature_50,"['x_87', 'y_127']",10,"['6A50959E', '07291099', '5C1D486C', '8A657DC8', 'FDB00AD1', 'F0DA66C0', 'FC8BA1D7', '2F1A00B4', 'FC8BA1D7', '83D3903C', 'A4F4F0BB', 'B9B23B91', '704246F1', '7D92D0C1', '704246F1', '116FE1F3', '4496769F', 'A8DB6051', '9A0E465C', '879FEE0A', 'C79051E9', '0791D65F', 'BB3BA03B', '6712CFD6']",141,unconfirmed
creature_51,"['x_0', 'y_82']",124,"['0A66CEA2', 'B09790A7', '4366961D', 'C0D7F365', 'D62F1DF9', 'FE05DD59', '4FFF8241', '7F71610A', '363E48D8', '0722F895', '57F4A63A', '48DD7A2F', 'A32279CF', '301D232A', '2FFDDEF1', '58F028CC', '81B553FF', 'A25FDBDD', '8C19F396', '5AD579B9', 'AEDA56C2', '917611C5', 'EE56A0E7', '54378A0D']",141,unconfirmed
creature_52,"['x_111', 'y_0']",10,"['4AF931E4', '6AA28838', '15483906', 'E3C4AFCD', '19F1BD08', '2E9C81BC', '4E92DDA5', '7C09CF85', '867BA1E7', '878F17B1', 'E50BD852', 'B57263E0', 'AEB7F642', '4CA6E8AE', '051BFF9F', '33A8FA2B', 'EF2C05A0', '6975A7E4', '7B0EF9E6', '3F5893D9', '41E125CB', 'D2E85BDA', 'F057D664', '7FF7CF76']",141,unconfirmed
creature_53,"['x_123', 'y_0']",10,"['F0772521', 'CEB1657F', '9B116DD9', '271833C2', '20881DD3', 'E308C27E', '208B4EE3', '2B89D200', '09057C13', '3C02B3B5', '0C550187', 'FFE6DB37', 'A02EB9CD', 'B134352A', 'D84923B4', 'C1368D52', '52162F84', 'C3B5259D', '3F6BCBFF', 'A6B36EC9', '37A0C5BB', '735EEC52', '3E5E60D0', '7182889C']",141,unconfirmed
creature_54,"['x_61', 'y_59']",118,"['08C27AC9', '412F2101', 'BA482505', '3677CFED', '6712CFD6', 'E7A20C37', '41FAD1E7', 'D753ED2B', 'C7A238C3', '824C751F', '0BB13530', '054DC78D', '5C08E6F4', 'BE0A028D', '7905473A', 'A8DB6051', '376A5924', '57810B3A', '96E0A3D4', '83D3903C', '3D5284B6', '08206506', '122825E1', 'E110DCE0']",141,unconfirmed
creature_55,"['x_93', 'y_0']",27,"['78510A60', '4F824672', '593C42C7', 'A8799DA2', '5FD36F28', '3BFC8105', 'B4ED1C48', '593F2524', '5650B7DC', '3298B2DD', '00D68140', '1CDEA30D', '04B7D383', 'CC9D1266', 'C8FDF0CC', '8C65FBDA', '1F330E53', 'EA1231BC', '8F2A7C1D', '5E702F07', '3A7C3DDE', '7DD0A4A5', '3904A07A', '387C0BE1']",141,unconfirmed
creature_56,"['x_127', 'y_61']",10,"['0AB0F3BF', '143C36AB', 'D9994B28', '8A8F7722', 'A8F25545', '5F17C385', '59038BDD', '29B2D76E', '226AF19E', '75CB667D', 'B63CC65D', '5E6331C5', 'BCBCAA5A', 'A8650ADE', '7AE94A56', 'BC8D5CC8', '83EC020B', '7F2F1403', '0A09F078', 'B83C0A05', '4A2D655A', '8E744255', '2013B824', 'E774C316']",141,unconfirmed
creature_57,"['x_127', 'y_60']",14,"['1AA3CB4C', 'A0B61F76', '162BCCC1', 'F3E26DF2', '462D746C', '82F505C5', 'FE01D6C8', '251E8A33', '547AE424', '2FFA05F0', '857ED838', 'C4818BC6', '4E00E878', '18140F4C', '7F619E6D', '8AC36B16', '4E619263', 'B4B77DB6', '2B52EFA6', '3E5E60D0', 'BEAFE2F7', '8DDA5C7A', '4E2C9144', '92A5CEC5']",141,unconfirmed
creature_58,"['x_17', 'y_36']",10,"['F52F4052', 'EA1231BC', '96E0A3D4', '6B4D1DA8', 'A9322969', '6712CFD6', '6D6C4FF0', 'D216978A', 'C3B5259D', '48AD5927', 'F9A8EBAA', '9983BBDD', 'B41916EB', '4425109A', 'A4894B78', '0B0754F1', 'D844C6BC', 'A97FFFA7', '8004A15B', '88BB315A', '9CCBACB3', 'C4BCACE5', 'AF56E828', 'ECA5C4F8']",141,unconfirmed
creature_59,"['x_125', 'y_102']",10,"['9F056B31', '32FD650F', '0CFE3F10', 'FB673B89', '8818A1BA', '4462540F', 'F92C6DBD', '657C8442', '4E2D195F', 'B37579CC', '4BCE21ED', '552E48B1', '3136A296', 'B896E1CB', '293FD127', '1FA91C19', '96038440', '93E4F770', '2E152217', 'E67392F8', '1038F7A4', '42A3ED44', '3AA71704', '29C44F05']",141,unconfirmed
creature_60,"['x_124', 'y_127']",10,"['32212916', 'C94B1745', '6325D3CE', 'B56E46B0', 'D439EC51', 'D73109C3', 'B63CC65D', '125E8580', 'F704F320', 'EFF998FC', '8828B015', '0296E9E7', 'DA16978A', '4087CE69', '673C7493', 'C3B5259D', '61958534', '5EA131F5', 'C49A0D89', '657C8442', '5181FC56', 'A200430B', 'B69FCB0C', '7AE94A56']",141,unconfirmed
creature_61,"['x_122', 'y_115']",28,"['2073EB87', '9C66EBFB', '6ABCDAC0', 'BF26818A', '4E92DDA5', '4980E4DA', '664BD4AD', 'E43A2C59', '4D617B8E', '2907696D', '64CAFCFB', '59759CED', 'F0B11169', 'C3024C28', '52FD8383', 'C6F30D6F', 'D0FDB465', '180D9C25', '6D4E20A9', '6AFBDD8D', '954DDE9B', 'F1ECD5A7', 'B5C930BE', '8646E449']",141,unconfirmed
creature_62,"['x_103', 'y_5']",11,"['C61BAE83', '758663BD', '2C0FEFA8', 'EA1231BC', '6712CFD6', '7BFF9DF6', '14B7D383', '9AE2E2BE', '3677CFED', 'A4894B78', '5228DBAB', '42B11193', '76A63C2C', '422E41A8', '3BFA8611', '7F71610A', '388F5F5C', '4A181C6C', '4D617B8E', 'DBC3B981', '4980E4DA', '35F47DEE', '78B7E9CC', 'BE69F978']",141,unconfirmed
creature_63,"['x_126', 'y_101']",10,"['A4122050', '06DBC27C', 'FA55C90A', '58AEC8A4', '49AD6B31', 'CBA49281', 'E334758E', '74F84126', '41E772FD', '74A3EC5C', 'AE0018BB', '2F9A9BDA', '673CB92F', '27F68044', '43D7522B', '4AA4B82F', '86810A69', 'E6709FF6', '2D0C06EA', '574E0FDB', 'DD18B7EE', 'F183DA52', 'A3E82583', '429EC71A']",141,unconfirmed
creature_64,"['x_125', 'y_92']",39,"['BAAB0722', 'C4B9786E', '5558CD22', '93A6BC3D', '26DBE057', '1F1723B4', '72E63E0C', 'EC5A3802', '849DECE1', 'F9A6D32E', '9D745F76', '765BB7A7', 'A2B9300F', '0858D308', '4980E4DA', '6B210C11', '30476ECB', 'A8650ADE', '5F4B5C01', '54B41E3F', '2A531263', 'C0FA2E55', '3E487975', '518EFA39']",141,unconfirmed
creature_65,"['x_127', 'y_35']",56,"['D49A518F', '2907696D', '30A575B4', 'E78E8BE1', '7730FA0B', '548B943E', '5490C36E', '91D95D2F', '954DDE9B', '84986253', 'E27BE895', '2B8ED0C5', 'F0B11169', '664BD4AD', '17B2DAD9', 'B5C930BE', '8C4951D6', '59BDFE8B', '0AA6174A', '3A192578', '9424BAE8', '4E92DDA5', '51CD4957', 'D0FDB465']",141,unconfirmed
creature_66,"['x_123', 'y_126']",10,"['101265A0', 'C49A0D89', 'CD42F83E', '952C6E53', '2384A6EC', '95D5B4BA', '7C891F69', 'A4747417', 'F183DA52', '7490A18F', '9280092E', 'A63B61A6', 'C88DA53F', '71AB1182', '14D9CA2D', 'D939350C', '2CDDBA5A', '426EC7F7', 'AF45AF09', '9FA20271', '8CD99024', '1BADAE92', '34A4E789', 'ADE59536']",141,unconfirmed
creature_67,"['x_42', 'y_86']",10,"['14D32DE3', 'ECB2DE99', '61958534', '0AF749F7', 'F0341F5C', '9198C6BD', 'D739E5EC', '934BB554', '4E2C9144', '34434173', '209232AE', '8828B015', '3A50B799', 'F56FF5C2', '4381F679', '116FE1F3', '93B807E1', 'A8E030EB', 'D0EDC561', '9198C6BD', 'D152398C', 'F88452E9', 'CBED0331', 'C25571B0']",141,unconfirmed
creature_68,"['x_86', 'y_0']",28,"['326D944A', '04EEB78F', 'D8C5033A', '653416D1', '95DAACEE', '0A2CC3ED', 'EDED9501', '887160BF', '3E5E60D0', '54A7A552', 'EB61FA48', '7C4048F3', '1DD98428', '8BFED9F9', '44BB06E9', '8621A67D', '14B7D383', '93294268', '54378A0D', '4CB0D611', '6253838F', '9949DA34', '7C481479', 'D3FCCF53']",141,unconfirmed
creature_69,"['x_125', 'y_96']",10,"['2A083EEA', '5DBE7D4C', 'AF150266', '3ACE6F01', '27A0F613', '61BE4459', '48F13A31', '767BD22A', 'EB97C6A0', '814F120F', 'DFFE7AFF', '58AEC8A4', '8004A15B', 'FE5A2DC4', '3F88F49A', '1C501D6D', '4EE18C9A', '8004A15B', '8C4951D6', '58F028CC', '8471D1B9', '3AA71704', 'D6278E63', 'AE9DE748']",141,unconfirmed
creature_70,"['x_2', 'y_1']",10,"['6471828A', 'D8DD6133', 'B8DFE120', 'DC1DA595', '88BFDBFF', '9C66EBFB', 'E50BD852', '973BF6D0', 'E273529C', '11EE6A66', '29E27C4C', '1480468C', '2F858ECB', '664BD4AD', '0ACDA946', '4E158B90', '9EC9085E', '6B98A70B', '365E3CFA', '93BDDDC6', '977450D5', '6684F85C', '1F55365F', '2D671B03']",141,unconfirmed
creature_71,"['x_127', 'y_122']",104,"['5AE788B0', '150DDA1F', 'CBA49281', '70FCF875', '24DA34C2', '5759D496', '74F84126', 'FE5A2DC4', 'B33B493F', '5181FC56', 'E5576200', '8A7AD520', 'C26C045F', 'AEA5A958', '574E0FDB', '4AA4B82F', '0D2F9BC5', '2F3162D2', '1741FC35', '8BA57DEC', '17B2DAD9', '24DA14C2', 'E007DA99', '59BDFE8B']",141,unconfirmed
creature_72,"['x_81', 'y_127']",41,"['293FD127', '640A6CCC', '802FCD91', '0296E9E7', 'AF9DE748', '80027FE2', 'D0F33B54', '4EE18C9A', '1C501D6D', '5785F5A9', 'EB97C6A0', 'C03C319F', 'DE45D98D', 'F0944B4A', '29E27C4C', 'DDADF083', '5DBE7D4C', '5DEADD67', 'C167264C', '8004A15B', '6A33C80D', 'C9F495BD', '26A1D984', '5202EA6C']",141,unconfirmed
creature_73,"['x_127', 'y_118']",150,"['0296E9E7', 'EFF0E06B', '1FA80DA8', '55ACBF9B', '3AF3F8D2', '000442A8', '7ED71B8E', '6984105E', '5A409F04', 'D48DB17D', '979B16C3', '86FD2E42', '6FD8D63C', '6BE2FD52', '2FF5DEF1', '00A340B4', '5C1D486C', 'A68448B4', 'AFC8990A', 'AFE356B9', 'F45D4EE7', 'BE0A028D', '0BB135B0', '2E983A0A']",141,unconfirmed
creature_74,"['x_127', 'y_95']",151,"['EEF38937', '0CA1492F', 'D115B878', '1DD984A8', '9828C177', 'B63CC65D', 'EB51F268', '6684F85C', 'BE73253A', '84008E35', '9EE5661E', '9144E975', '6AFBFD8D', 'B435E451', '11D86E6A', '080D0569', '07A1FAF2', '1A626680', '5212AD3E', 'C2E53196', 'C7F926FE', 'EBFF52F0', 'E110DCE1', '3E3FB417']",141,unconfirmed
creature_75,"['x_125', 'y_98']",10,"['8A74C793', 'D890113E', '48ACF8DB', '7045BF5B', 'A4122050', '780CDCED', 'FA55C90A', '73B4D129', 'E4805078', '59DAFA88', '673CB92F', 'C26C045F', '9467EE5E', '6B33C80D', '58AEC8A4', '1A626680', '06DBC27C', '43D7522B', '9457835C', '74F84126', '0A908305', '574E0FDB', '1A929FD0', '1ADFC2B6']",141,unconfirmed
creature_76,"['x_125', 'y_106']",10,"['9AC27DD0', '83D3903C', 'F9A6D32E', 'C4B9786E', '26DBE057', '2A531263', 'C79051E9', '7E65E56A', '957B50CA', '4980E4DA', 'E3C4AFCD', 'CD6D73B6', '30476ECB', '766EE868', '1F1723B4', '0791D65F', '9D745F76', '93A6BC3D', 'A6A1CC2D', '051A42CC', 'F0DA66C0', '34DFA7C6', 'A8DB6051', '765BB7A7']",141,unconfirmed
creature_77,"['x_127', 'y_125']",10,"['3391CC69', '0296E9E7', 'DE3CA2D6', '0E8B13C1', '87B52645', 'CB2B1960', '144186A8', '0BB135B0', '13C42131', '5937DCD7', 'DE79A482', 'B37579CC', '54B41E3B', '5119E38F', '6AE16D63', 'AAE0CA3B', '5181FC56', 'F7DF419A', 'A8246FFE', '0D758F82', '694A4115', 'D80D7EAD', '4B2E3BA0', '0FF2A74F']",141,unconfirmed
creature_78,"['x_127', 'y_107']",10,"['8CBA2C02', 'F88452E9', 'AB289279', 'AA659577', '28DB632B', '758C16B8', '4977AB44', '9593E722', '738398ED', 'FDC19818', '4FDA2210', 'C7A238C3', 'E110DCE0', '73B4D129', 'F3E8763A', '2280B606', '99DF6FC8', '84C64AA3', 'DA7166EB', '602D340D', '290BFCFC', 'BD9E60B9', '1F84A926', 'C97D44B1']",141,unconfirmed
creature_79,"['x_125', 'y_126']",30,"['E007DA99', '3413B53C', '34A4E789', '0C8C35E8', '10B59703', '10D9AC36', '91E7F81B', '5181FC56', 'C32439EF', 'FB7CF43D', '4CA6E8AE', 'ECB28096', 'EA9CA5F8', 'E0F6DA34', '0AA933EE', 'D1331700', 'B33B493F', 'A9EF7752', 'EF2F3791', '2384A6EC', '5B7452C3', 'E8AA81EE', '6F49D767', 'F2E618ED']",141,unconfirmed
creature_80,"['x_40', 'y_32']",10,"['694A0115', '0AF2D04F', '095F3758', '52968D61', 'E0816C2D', '5991DD5C', '7C98680A', '953E2983', '414211D6', '832A8184', '5650A7DC', '1BADAE92', '5CB5F845', '39961299', 'B469565B', 'EC28BA2D', '2727952F', 'BCBCAA5A', 'AD26217A', '8A8F7722', '2EEDFD3F', '2A083EEA', '94B76827', '1D225401']",141,unconfirmed
creature_81,"['x_116', 'y_0']",10,"['1919814B', '1D7ED430', 'A7F1681F', '07816286', 'B2BEBB48', '96F87370', '1172D07D', '1919AFC6', '6B155105', 'F4773178', '8C666E33', '3065BA5B', '54A7A552', 'AF9DE748', '74A2F301', '4E2C9146', '8DDF9597', '363E48D8', 'F8EE1F7E', '8471D1B9', '909EFADD', 'E8AA80EE', '8EF4E6A1', 'A4683772']",141,unconfirmed
creature_82,"['x_127', 'y_45']",37,"['2FD87B80', '0971F9BB', '412F2101', 'FF26808A', '34DFA7C6', '3602B10A', '363E48D8', 'C7A238C3', '6D527260', 'DDD09CB6', 'ED8FA115', 'B09790A7', '14D32DE3', '8BFED9F9', 'A3818D72', '66398E96', 'FAA3A6F7', '6017DA39', 'C65CB76F', '039FFB9D', '04C11D57', '25DC8513', '4366961D', '6AFBFD8D']",141,unconfirmed
creature_83,"['x_108', 'y_0']",126,"['9EA996DE', 'A476F1C2', '0B0754F1', '758663BD', 'A97FFFA7', 'B2364E77', '8A923636', '66404E43', '3F38C6A2', '6CBDC1AA', '0296E9E7', 'C28E3F3F', '74EDF235', '9DCBACB3', 'F52F4052', 'C2F96012', '63F34FC0', '051BFF9F', '2EF7B3B1', 'A1AD996E', 'A9322969', '8004A15B', '5F4B5C01', 'C4B9786E']",141,unconfirmed
creature_84,"['x_127', 'y_114']",10,"['33854B85', 'ED8FA115', '3C5EA438', 'A476F1C2', 'C7A238C3', 'CFD87889', '88BFDBFE', '60EF77AD', '35231D13', '74E08B75', 'F0B3CE49', '758663BD', '4CAD5927', 'FD5216EA', '9D413250', 'A16EC09C', '83EC030B', '4DE17FE6', 'ECA9C031', '33579DF2', 'B32B491F', 'FAA3A6F7', '2B62273F', 'D646F308']",141,unconfirmed
creature_85,"['x_86', 'y_127']",43,"['71AB1182', 'E404B9CE', 'B18C42A3', '88C93124', '66404E43', '9D745F76', 'FD6F229E', 'D646D308', 'B7911A86', '93A6BC3D', '0680E872', 'A0B241FA', 'FDF3322B', '5AAEC8A4', '02A933EE', '91442190', '26540BE2', 'EF1781FC', '1606B96E', '125C2F71', 'F501A344', '9EA996DE', '1734A9DE', '6573DFBC']",141,unconfirmed
creature_86,"['x_59', 'y_9']",10,"['43D7522B', 'ED9BAA32', '2A083EEA', '59DAFA88', '9DF0FB4D', 'FA55C90A', '6A946900', '840F5FA3', '3A952A5B', '06DBC27C', '9457835C', '9DEB88DD', '780CDCED', '1FA91C19', '39CAACE6', 'EE56A0E7', 'CEB1E57F', 'BB3B803B', '020FBD60', '6B33C80D', 'AE0018BB', '144186A8', 'F7B03AA1', 'B75353DC']",141,unconfirmed
creature_87,"['x_60', 'y_74']",10,"['51CE23E5', '2C1B7281', 'EE60C951', 'D435EA35', '7F55D263', 'C34BDE41', 'C32479EF', 'D73109C3', '735EEC52', 'E3382977', '94333B0D', 'D0DE0DAC', '4001038C', '77CABF6A', '43D7522B', '790CE01F', '9043405C', 'F3299DA9', '8360B4B5', 'B63CC65D', '26A60192', '07C32B00', '11A888CD', 'AA57BF2D']",141,unconfirmed
creature_88,"['x_126', 'y_72']",10,"['E50BD852', '28E5A189', '5650B7DC', 'DDF65FA0', '4D7AAC1A', '954DCE9B', '470A002F', '53736770', 'E44D0B8D', 'BAEEB524', '966B3FA4', '8646E449', '41F759E6', '65AD6F88', 'C88DA53F', '4E2D195F', '422A5ABD', '3CEDA56E', 'DAB61181', 'DB7F23E0', 'C7D85A43', '20111E63', 'C7045CF3', 'C2C53196']",141,unconfirmed
creature_89,"['x_127', 'y_24']",15,"['B63CC65D', 'C7045CF3', '87F09778', 'BE0A028D', 'EBFF52F0', '84008E35', '844CA176', 'C7A6D29C', '291F1798', 'FE05DD59', '67E934C2', '74E08B75', '48AD5927', '78F50172', 'D844C6BC', '8C19F396', 'ECA9C031', '57F4A63A', '5993BD8A', '35231D13', 'C4DCF54F', '1BADAE92', '43B29CBB', '8293FD26']",141,unconfirmed
creature_90,"['x_94', 'y_1']",10,"['D8F7B27D', 'F357729A', 'C8D12D0A', '6D6F75DE', 'A92524AA', '80D3522B', '1F1723B4', '5491C36E', '3FDB886E', '391BFA47', '9DF0FB4D', '1E0C92E2', '58AEC8A4', 'F0772521', 'EB083213', '6FB4374F', 'BB7D1623', 'E859B700', 'A23ADD62', '5634F226', '832A12FA', 'F1BD32D7', '22C52F43', '552E48B1']",141,unconfirmed
creature_91,"['x_126', 'y_126']",42,"['E43A2C59', '4F47375A', 'D51256F5', '2B8ED0C5', 'C39E9A4A', 'BB3BA03B', '548B943E', 'B5C930BE', 'C6F30D6F', '954DDE9B', '1CDEA30D', 'A32A12FA', 'F0B11169', '51CD4957', 'F1ECD5A7', 'B7A6946B', '84D06A9A', '59D2FA88', '5634F226', '5202FA6C', '1A95B2AE', '27A0F613', '6A33C80D', 'D49A518F']",141,unconfirmed
creature_92,"['x_47', 'y_20']",10,"['D439EC11', 'EE60C951', '412F2101', 'B79C6CBC', '9C396D67', 'FC398EA2', 'D435EA35', '3C22C221', 'D0DE0DAC', 'B36783F8', 'E110DCE1', '039FFB9D', '69F61457', 'B83B4193', '2AA53F41', '8217DCF9', '9593E722', '6FC9D767', '231B4B49', 'D73109C3', '9843405C', '270B55F5', '0634A501', 'E3382977']",141,unconfirmed
creature_93,"['x_91', 'y_0']",10,"['5C9D3CD6', '66C45409', 'BABC4BE5', '9EA996DE', '6B4D1DA8', '08206506', 'C8019255', '3A799789', 'ECA5C4F8', '0DE097F4', '5BAB5C48', 'F4245779', '7DD0A4A5', 'FA4C5F28', '84C64AA3', '0319B751', '4977AB44', '6471828A', 'B09790A7', '14B7D383', 'C19711A1', '2D671B03', 'BE436FE1', 'F23B3C5B']",141,unconfirmed
creature_94,"['x_127', 'y_47']",151,"['C19711B9', '82F505C5', '5FD36F28', '0DD52F9E', '6B155125', '6253838F', '3AF3F8D2', '2FFDDEF1', '2E983A0A', 'D48DB17D', '554F758C', 'DE47E873', '53736770', 'B2AA21AD', '04161580', '34434173', '6E74E529', 'D8C5033A', '52290927', '804510D2', '968D07C2', '8DABEE9C', '387C0BE1', '92D83242']",141,unconfirmed
creature_95,"['x_126', 'y_61']",94,"['243416F4', '2171FC85', '8671D1B9', '7DF387E2', 'AF9DE748', 'AAFE6C13', '7156D28A', '9A929FD0', '3AEE7609', '973BF6D0', '5993BD8A', 'CD8AFD45', '3065BA5B', '8C19F396', '54A7A552', 'B79C6CBC', 'A73FECF8', '8471D1B9', 'FE05DD59', '973AF6D0', '58F028CC', '7FE9B44D', '1CDEA30D', '2A36624F']",141,unconfirmed
creature_96,"['x_88', 'y_96']",48,"['7730DA0B', 'F2F7AE45', 'EA36B7BA', 'A7605A29', '09594046', '2D3F1EC2', '8C9B8F98', '6B155125', 'E7D85A43', 'F512EFBF', 'E699270A', '54378A0D', '9F9A196A', '6D6C4FF0', '1B68C3D5', 'AE41547F', '27A0F613', '552E48B1', '1D672C77', '166FF6E8', '0CFE3F10', '9DAF04B9', '9B8116DA', '14B7D383']",141,unconfirmed
creature_97,"['x_127', 'y_55']",26,"['35F7DCF3', 'E8CBC0A0', 'EF869617', 'F2F7AE45', '429EC71A', '42A3ED44', 'C1368D52', 'A25FDBDD', '039FFB8D', '3CD7C694', '6712CFD6', 'CBA49281', '69A37098', '90A9F528', '4D5F206B', 'FE5A2DC4', '92BD58FE', 'DBEAF623', '5C463166', '599DB2DB', '7186A89C', 'B8945F6B', '909FFADD', '7C282119']",141,unconfirmed
creature_98,"['x_103', 'y_51']",124,"['74E08B75', 'FD361BFE', 'D9DCEAF1', '1BADAE92', 'D73109C2', '34DD9E22', '4158779C', '4CA854C0', '34434173', 'B9BA3B93', 'D80B5EAD', 'DD39B8F9', '2A083EEA', 'A1AD996E', '6C2337C2', 'DB644252', '909EFADD', 'BC91F706', '79038BDD', 'B94F5E9E', 'CBDE245A', '41FAD1E7', '97A4A87C', 'EE76713D']",141,unconfirmed
creature_99,"['x_113', 'y_125']",45,"['F91A10BA', 'E9010184', '5694F172', 'B923C3DD', '5EF12090', 'D5B07B81', '4EE18C9A', 'F5F309F5', 'BDA2EAEB', 'EB97C6A0', '72CE1E68', '5DBE7D4C', 'F0772521', 'D74D86C7', 'C8FEACE7', 'E4788AF5', '245AE16E', 'D0EDC561', 'AFDDE562', 'A58E988C', 'A8048CD8', '2A083EEA', '8AA55F2F', '462D746C']",141,unconfirmed
creature_100,"['x_126', 'y_36']",10,"['C2C53196', '2A083EEA', 'DC3F2BBE', '7F32F25A', '34A4E789', '20111E63', '91BDCCF3', '4F4C567E', '758663BD', 'A63B61A6', '9E109FFA', 'ED0A192B', 'DB7F23E0', 'DAB61181', 'C6CFB8A3', '28E5A189', '422A5ABD', '194B5AB3', '0D72203A', '0FD3251D', 'AC4867EE', '4A2E61A8', '29C44705', '57585388']",141,unconfirmed
creature_101,"['x_89', 'y_0']",112,"['3EB9781B', '948A082F', 'E2F8D749', '5694F172', 'F92C6DBD', '892EC5B9', '208A4EE3', 'AF9DE748', 'AA57BF2D', '957BE629', '7FF6CF76', '94333B0D', '432CB6C1', 'FED409DB', '6899064B', 'B9BA3B93', '735EEC52', '039FFB9D', '6ABCDAC0', '5B545C8D', '86A8CA62', 'CE7B08FE', 'D59F39B6', '68811C05']",141,unconfirmed
creature_102,"['x_127', 'y_77']",10,"['90174874', '6DE2B10C', '69DA8244', 'C166264C', 'DFD9C938', 'FBBCD2C4', '4087CE69', 'F42AFA1E', '0A66CEA2', '3BD52A87', 'DAB002D3', '0BB135B0', '66398E96', '3F5893D9', 'E8F56E15', 'FD361BFE', '2E790C73', 'D778F2DE', '1402A98E', 'C83437BA', '584BCFEC', 'C7F1D080', '1AA3CB4C', 'FFE3E0F5']",141,unconfirmed
creature_103,"['x_0', 'y_0']",10,"['A56114B0', 'B2364E77', '5E3DFB35', '86FD2E42', '6CBDC1AA', 'BF7AB8D0', '4977AB44', '1767A058', '21C2793F', 'E273529C', '3F38C6A2', 'DF0959CA', '2EF7B3B1', '557299DC', 'C6B24A19', '6F75B2DB', '051BFF9F', '1112F005', 'DD19B8F9', 'F20E521D', '5F4B5C01', 'C4B9786E', 'CE6881DB', 'E50BD852']",141,unconfirmed
creature_104,"['x_60', 'y_30']",17,"['388F5F5C', '3A50B799', 'DBC3B981', '8E8B13C1', '3BFA8611', '68811C05', '78B7E9CC', 'EB97C6A0', '4980E4CA', '0BCEAADE', '4A9098E1', 'C61BAE83', '1127B85A', '9457835C', 'E8004DAD', '4A181C6C', '7BFF9DF6', '641238A4', '9B052FAD', 'EA7599DA', '81D9979A', '2CB2BE79', '82971A6A', '9AE2E2BE']",141,unconfirmed
creature_105,"['x_127', 'y_97']",117,"['60FBD26D', '14B7D383', 'D3DFF939', 'E273729C', '54E2677F', '27A0F613', '9A8376A5', '470A002F', '3C5EA438', '6ABCDAC0', '196040E0', 'F90FE80F', 'C0AEF0EF', 'B75353DC', 'F9547558', '950519B4', '2E903A02', '1677CFED', 'F9218E53', '93A0CE02', '316D2570', '291C5939', '0AAB4C29', '61745238']",141,unconfirmed
creature_106,"['x_126', 'y_100']",68,"['3925F231', '35F7DCF3', '0859880C', '594F0927', '78510A60', '9144E975', '8BF959BB', 'B5A3FFFD', '46DCFEEB', 'ECE2F410', '1CDEA30D', 'B4230567', '41608187', '78C5855C', '0E4B7DDD', '8B160A1A', 'F602E340', '14593C71', 'F512EFBF', 'CF80E4A4', '07806286', '892EC5B9', '3A7C3DDE', '3298B2DD']",141,unconfirmed
creature_107,"['x_127', 'y_104']",141,"['4D007EA5', 'F58DD222', '41DEA037', 'B5C147A5', 'AFC8990A', '8BA57DEC', '5455E9AB', '93E4F770', '96C29901', '23F47EE6', '573789DB', 'C45523AF', '98A43E18', 'F1125973', '3F5893D9', '37345834', 'C83296A3', '476CAF15', '5CDB2C6B', 'D8F7B27D', 'C05D8423', 'ED8AFD45', 'C02D778D', '65845AEA']",141,unconfirmed
creature_108,"['x_126', 'y_0']",10,"['D59F3996', '8218212C', 'A4122050', '1919814B', 'EE99F48E', '19CD0BD7', '0858D308', 'E7640956', '64B95CF1', '6D3ADED3', '39CAACE6', '9F2781A5', '5CDB2C6B', '1734A9DE', 'DEBCA2D6', 'AE0018BB', 'D48DB17D', 'ED9BAA32', 'DF0959CB', 'C0AEF0EF', '74EDF235', '58AEC8A4', '9C5A2485', '1FA91C19']",141,unconfirmed
creature_109,"['x_126', 'y_34']",10,"['DAB61181', '1A95B2AE', '09153649', '8AA55F2F', '00747F80', '55D946FC', '3CD7C694', 'E2735296', 'AAE0CA3B', '2FFA05F0', '24DA34C2', 'B602E340', '8828C177', 'E027C5BE', 'D900816D', '9E109FFA', '6B8CA017', '0FD33BCB', 'D92DF2E9', '5C463166', 'CBA49281', '929B96D0', '177774A4', '953E2983']",141,unconfirmed
creature_110,"['x_115', 'y_1']",10,"['45F40E4F', '887160BF', '0296E9E7', '18888C52', '7730FA0B', 'D89720A4', '14AEE726', 'C7D85A43', 'BFFA905B', 'CEB1657F', '71BE4BA8', '3A952A5B', 'C19711A9', '26440BF2', '9F056B31', '6E12E6A0', '475379E6', '144186A8', 'DFFE7AFF', '5615A924', 'FB673B89', 'A0B241FA', '802F0D37', '66C45409']",141,unconfirmed
creature_111,"['x_125', 'y_2']",10,"['1400A98E', 'C7F1D080', '8217DCF9', '30D182C5', 'D435EA35', '1AA3CB4C', '7EC3A4CC', '3C22C221', '127B701D', '75E022C2', '32212916', 'D142C115', 'C0088E1B', '9C316D67', 'C166264C', '841EC9FF', '4087CE69', '70695B8D', '07C32B00', '1291F3BA', '4D007EA5', '2C1B7281', '0A66CEA2', '3F5893D9']",141,unconfirmed
creature_112,"['x_127', 'y_110']",10,"['6ABCDAC0', '3273CB69', 'A4C2BCCE', '6B6AD90F', '7C4048F3', 'D9A09084', 'E273729C', 'DDD09CB6', '6B155125', 'A4122050', '664BD4AD', 'AD902106', '148EED11', '6253838F', '6573DFAC', '15A3E0DC', '1FDA8658', '8626508D', 'E905E5F9', '2E903A02', 'A32F80D2', '3677CFED', 'B3D332D5', '75FF192A']",141,unconfirmed
creature_113,"['x_123', 'y_99']",10,"['54378A0D', 'C81396ED', 'F91A10BA', '6B155125', '5C9D3CD6', '475B0EBA', '8217DCF9', '5034A584', '7F71610A', '11326FC2', '61745238', '28A72030', 'C99C6892', 'C7D85A43', 'B32B491F', '388F5F5C', '9015D737', 'F033CE49', '8BA57DEC', 'F82E1760', '0791D65F', '41DEA037', '3AC2ECA5', '0CFE3F10']",141,unconfirmed
creature_114,"['x_119', 'y_1']",142,"['90F65CCD', '8A74C793', 'D890113E', '0A908305', 'C7D85A43', 'D0DE0DAC', '3839C44E', '1F1723B4', '4977AB44', '1FAC0DA8', '3379A416', '4E2D195F', '1ADFC2B6', '73B4D129', '48ACF8DB', '3F58BAEB', '27F68044', 'DFD9C938', '593F2524', '1A626680', '54378A0D', '34434173', '883B44F2', '2FFDDEF1']",141,unconfirmed
creature_115,"['x_127', 'y_66']",148,"['5C08E6F4', '4EE18C9A', 'CC9D3266', '5E6331C5', '0B075471', 'CBDE245A', '0C455BFC', 'C66881DB', '878F17B1', '1A584316', '4635A097', '9574F712', '41FAD1E7', '388F5F5C', '2A85B7E9', '988BFDCC', '11326FC2', '0296E9E7', '08206506', 'D7CD9158', 'C2F96812', 'A97FFFA5', '3915150F', 'F7646DDA']",141,unconfirmed
creature_116,"['x_98', 'y_127']",135,"['2E983A0A', '37685934', '5025872C', '53736770', '794EC610', '909EFADD', '968D07C2', '6ABCDAC0', '96E2A3D4', '5785F529', '2FFDDEF1', '263B3BCE', 'A769E83B', '83D3903C', '5F5AC892', '9038FDF0', '34434173', '92D83242', '824C755B', 'E50BD852', '0BB135B0', '5D4F758C', '6B155125', '6CD9E88E']",141,unconfirmed
creature_117,"['x_119', 'y_3']",18,"['75F943D9', 'F057D664', 'C4810BC6', 'CD54AC5A', '1ADFC2B6', 'BCBCAA5A', '55FD81BD', '6F0486C9', 'C5A19A4D', 'F5F309F5', 'E50BD852', 'B58FC946', 'D5DE6459', '19F1BD08', 'C6CDA561', '941FDB78', '2CCC16B1', '2384A6EC', '11A888C5', '4BABC455', '75427CEA', 'CC19333A', '17F2DAD9', '8DDA5C7A']",141,unconfirmed
creature_118,"['x_120', 'y_33']",10,"['2F8CBF57', 'AA6A13DA', 'D568D830', '59319EA6', '9EA996DE', '8EBB8FC0', '640A6CCC', 'C7F08942', 'E110DCE1', 'C7D85A43', 'E44E2826', '5DBE7D4C', 'A4894B78', '231B4B49', 'ED34DC2F', '4158779C', '0791D65F', 'C79051E9', '4EE18C9A', 'FDEB6F47', '6D6C4FF0', '76B63C2C', 'C012EFD3', '5A00730E']",141,unconfirmed
creature_119,"['x_127', 'y_89']",10,"['F9A6D32E', 'BD2E87F2', '26A1D884', 'CB7A05A8', '5F4B5C01', '1CDEA30D', 'D48DB17D', 'F5543902', '892EC5B9', 'C7108CA4', 'F56FF5C2', 'ED9BAA32', 'C0AEF0EF', 'AC87F00A', '7D89C1FF', '0CFE3F10', 'FF286C13', '25AF54BB', 'ED8AFD45', '644C79A2', 'A4683772', '8E142815', '1AAF8EE5', '374B601F']",141,unconfirmed
creature_120,"['x_94', 'y_62']",19,"['68F518DE', '2F903A02', '671FFE32', '378FDB3F', '020FBD60', '802F0D37', 'FA4C5F28', '841F5FE3', 'C7F08942', '54378A09', '3A952A5B', 'DFFE7AFF', '2DD23FC7', '66C45409', '4F4C567E', '6AFBFD8D', 'BAAB0722', 'CFB6EFB1', '144186A8', '7B484FC8', '844D2AF3', '887160BF', 'F7B03AA1', '039FFB9D']",141,unconfirmed
creature_121,"['x_126', 'y_90']",39,"['50C66B20', 'F9D7D74A', '0AEEC4BC', '3D2B49E7', '51B1C738', 'E76FD62F', '5AF1AAE2', '73298712', '150DDA1F', '6C19B977', '6DF8E6E7', '06D8ED4D', '0319A751', '1B2CB6CB', 'E4B9DFD5', '4D4656B2', '25F00858', 'EA7599DA', '1291F3BA', '4215103A', 'E4B9DFC5', '0F02F7CD', '11EE2A66', 'D773DBD1']",141,unconfirmed
creature_122,"['x_93', 'y_1']",40,"['07379472', '148EED11', '8BFED1F9', '6EDB5E78', 'F512EFBF', 'AD902106', 'A4122050', 'B41916EB', 'E1745238', '92BEF07B', '35F47DEE', '14B7D383', '5A9CF066', '34FCC816', 'ECA5C4F8', '6B155125', '6F6F55DE', 'E6D9270A', '76A63C2C', 'F82AE819', '6D6C4FF0', '99FE5ABF', 'AFA356B9', '9F6B5416']",141,unconfirmed
creature_123,"['x_125', 'y_63']",10,"['BB7D1623', '0E42368E', 'ED9BAB32', 'A3818D72', 'D751ED2B', 'F82E1760', '6B8CA017', 'EFC83432', '83D3903C', '5785F529', '9038FDF0', '9C1CCA5F', 'BE73253A', '840B76EC', '6252E8B8', 'C28E3F2F', '79038BDD', '90F33B54', 'AC47DA89', '122825E1', '0A891EF3', '1ADFC2B6', '2D93C39E', '9198C6BD']",141,unconfirmed
creature_124,"['x_125', 'y_21']",12,"['8196A79D', '855B953D', 'C6B24A19', 'E50BD852', '909EFADD', 'B75353DC', 'C66881DB', '804510D2', 'BAAB0722', '0297E9E7', '878717B9', '5634F226', '3E38D558', '3BFC8105', '3BFC8105', 'E50BD852', 'A4683772', 'EE56A0E7', '5C08E6F4', '7DD0A4A5', '08206506', '3F5893D9', 'B57263E0', 'D59F39B6']",141,unconfirmed
creature_125,"['x_2', 'y_8']",10,"['1FA91C19', 'C8019255', '8270FCFE', '4BF1C8FC', '61958534', 'CBED0331', '892EC5B9', '5B84215F', '145AEBCB', 'A8DB6051', '6D6F75DE', 'F58DD222', '05F1330D', 'A769E83B', 'D49A518F', '0AA933EE', '909EFADD', 'CC9D3266', 'BDA2EAEB', 'C49A0D89', '300F15EB', '127E8580', 'F304F320', 'D74D86C7']",141,unconfirmed
creature_126,"['x_127', 'y_5']",10,"['AE9DE748', 'D739E5EC', 'A02AA1E2', '120FEAF1', '74A2F300', 'E0703EB6', 'E67392FA', '1C501D6D', 'E50BD852', '3AA71704', 'BA9167C3', '4E92DDA5', '11EE6A66', '2A083EEA', '5558CD22', '664BD4AD', 'BFAB2DD7', 'F602E340', 'F962CD75', '79D80C58', '48F13A31', 'DFFE7AFF', '8646E449', '7D2EE53B']",141,unconfirmed
creature_127,"['x_88', 'y_25']",23,"['802F0D37', '0C9F0199', 'E861A75E', '422ECD0D', 'B09790A7', '1BCEAADE', '4A18B2D9', '3EDE60D0', '2FFA05F0', '69044DAF', '82F505C5', 'B41916EB', '0A698DAE', 'AFE8DA11', '72CE1E68', '6D527260', 'E4788AF5', '96E0A3D4', '324D2562', 'FE4156C8', '0634A501', '0D89A834', '9949DA34', '28AE838C']",141,unconfirmed
creature_128,"['x_127', 'y_30']",31,"['F90FEA0F', '422A5ABD', '7C481479', '2907696D', 'C3BF1761', '154DDE9B', '8BA57DEC', '6D4E20A9', 'D0ADC563', 'AC4867EE', '14B7D383', '07A1FAF2', '2A083EEA', 'D0FDB465', '51CD4957', 'F1ECD5A7', 'E43A2C59', 'B5C930BE', '0E8C422B', '4F4C567E', '29C44705', '2B8ED0C5', '7F32F25A', '44BB06E9']",141,unconfirmed
creature_129,"['x_127', 'y_72']",10,"['FF415CC0', '9949DA34', '81D9979A', '1A929FD0', '34D363EE', '2E6562C8', '36E3675D', '6D527260', '3E5E60D0', 'E861A75E', 'D7F08942', 'CB7A05A8', '72CE1E68', 'CB3F51D2', '1ADFC2B6', 'E6543A73', '7D3D1E9A', '5119E38F', 'E4788AF5', '4E619263', '0A698DAE', '1E3E1799', '405C1A75', 'FE4156C8']",141,unconfirmed
creature_130,"['x_89', 'y_59']",10,"['080D0569', '26EDEB76', '844CA176', '8293FD26', '11D86E6A', '62D3B362', 'A8DB6051', 'F304F320', '4BF1C8FC', '66053909', 'CBED0331', 'A769E83B', 'C49A0D89', '61958534', 'CC9D3266', '9916A5D3', 'C6B24A19', '4A2E41A8', '909EFADD', 'F56FF5C2', '88289015', 'C99C6892', 'F88452E9', '9154E975']",141,unconfirmed
creature_131,"['x_79', 'y_127']",10,"['5E702F07', '6BD384D5', 'AE839F45', '3722B2D8', '778118E5', '06A61729', '53736770', '3B3A0A56', 'C89A6A54', 'E34AA3F0', '3D5284B6', '9B802410', 'B7931A86', 'B94F5E9E', '3AD4047D', '07FA0DE4', '6FD8D63C', '30D182C5', '235102F6', 'AB289279', '5C3D487A', '2D678475', '07E99CD4', 'BC91F706']",141,unconfirmed
creature_132,"['x_126', 'y_32']",118,"['7891E9C3', '86D61BCC', '6D4E20A9', '84986253', '2B8ED0C5', '25DC8513', '1CDEA31D', 'AC87F00A', '25D23FC7', '735EEC52', 'D49A518F', 'E11738AC', 'B80DF7F4', '7BA0EA74', 'F0B11169', 'C0AEF0EF', '6B4CBAA5', '177774A4', '40F7E3C1', '3A3E399A', '5694F172', '1D225401', '5B65F89D', '1035B1DF']",141,unconfirmed
creature_133,"['x_113', 'y_88']",10,"['A7605E29', '1A929FD0', 'FA55C90B', '5A0779D6', '87B52645', '99DF6FC8', '4FDA2210', '116FE1F3', '5650A7DC', '84C64AA3', 'DA7166EB', '6AE16D63', 'A8DB6051', '3B9F6F2E', '1ADFC2B6', 'FF341DD0', '296276E7', '6C3B4726', 'F14BD885', 'DDD09CB6', '5977D0FD', 'F368763A', '4977AB44', '2290B606']",141,unconfirmed
creature_134,"['x_127', 'y_58']",13,"['820686D1', '91FC66F4', '22C0615B', '5E3DFB35', '55BD4F75', '929B96D0', '3A50B799', 'BCBCAA5A', '5C463166', '5119E38F', '934BB554', '29E27C4C', 'C25571B0', '2D93C39E', '8646E449', '4D40449E', '1C1D0D44', 'A3818D72', '5C6B077E', '790A1088', 'D2E85BDA', '334D7FC6', 'CC19333A', '60FC1C3F']",141,unconfirmed
creature_135,"['x_76', 'y_23']",26,"['311A236D', 'B622706B', '363E48D8', '2384A6EC', '25DC8513', '6253838F', '6AFBFD8D', 'EB61FB48', '4EA69D97', 'D2E85BDA', 'F23B3C5B', '9C2418D3', '18F22DAD', 'FF26818A', 'A25FDBDD', '251E8A33', 'BE2CBC1F', '856A5C17', '8971D7F2', '860ABE03', '1E9D9549', '7BFF9DF6', '8495BB13', '77E018F6']",141,unconfirmed
creature_136,"['x_111', 'y_24']",10,"['388F5F5C', '4167264C', '93290F16', '3AC2ECA5', '73B4D129', '3378C1BD', '5B65F89D', '18F22DAD', '5816C79B', 'B0E71D37', '3CA8B4A6', '0B075471', '5650B7DC', '1AA3CB4C', '8C65FBDA', '5A0779D6', 'AAA0D5EC', '99DF6FC8', 'D7CD9158', 'BFF514C3', 'A4894B78', '288535A2', '11326FC2', '40EEE56E']",141,unconfirmed
creature_137,"['x_127', 'y_84']",10,"['E4527424', '2C0FEFA8', '92E083D4', '14D32DE3', 'F9563E38', 'B79C6CBC', '2D04199F', 'FF405D9E', '1CAC7D7E', '2711251F', '5406800F', '86A8CA62', 'F5C1E39C', '8744FFB5', '07379472', 'ED34DC2D', '231B4B49', '771EE309', '1C69E5A7', '31161C54', 'A18F63C9', 'FDF309F5', '4425109A', 'EA773D84']",141,unconfirmed
creature_138,"['x_113', 'y_10']",10,"['820686D1', 'C34BDE41', 'D2E85BDA', '8646E449', '54EB1579', '55BD4F75', '84C64AA3', '3D9CFA09', '5C463166', '4D40C49E', 'BA4E0F80', '7DD0A4A5', '334D7FC6', '6AA28838', '6EBBAE18', 'D02C2623', 'C1E125CB', '7176D28A', '9A0E465C', '8AF19A30', '17F2DAD9', 'F64075D0', 'B917474E', 'CC19333A']",141,unconfirmed
creature_139,"['x_118', 'y_1']",15,"['E910DCE0', 'B134356A', 'BDF0FB4D', 'EF2C05A0', '18F22DAD', 'F9F30AEC', 'D7BDCB97', 'B435E451', '9198C6BD', '9A0E465C', 'C1E125CB', '6B8CB017', '7490A18F', 'DABB4D38', 'F126E60F', 'BA4E0F80', '08206506', '5C3D487A', '7D92D0C1', 'DED559FD', 'EFFC0B15', '7BFF9DF6', 'DDD09CB6', 'A2B71F74']",141,unconfirmed
creature_140,"['x_101', 'y_41']",10,"['F20E521D', 'D80B5EAD', '6BE2FD52', '0BB135B0', '3BFC8105', '97A772CA', '2D48E7A1', '5A409F04', '5977D0FD', 'FDE9E2DB', '08206506', 'CC9D3266', '5E6331C5', '4AACA467', '4788B3C5', '7ED71B8E', '83D3903C', '054DC78D', 'A11FE3DA', '6FD8D63C', '4FEDDA61', '73D1F6FE', '55ACBF9B', 'BE0A028D']",141,unconfirmed
creature_141,"['x_87', 'y_1']",10,"['34A4E789', 'FDC19818', 'A2B9300F', '125C2F71', 'D5DE6459', '69899ADF', '66C45409', '09057C13', '759C16B8', 'D73109C3', 'B9A9AB77', '6EE60465', '89A87203', '5A0779D6', 'BD9E60B9', '11A888CD', 'BCE80F2D', '93B807E1', 'F88452E9', '4C5546C0', '66664009', 'C88DA53F', 'FD8EDA7D', '5B65F89D']",141,unconfirmed
creature_142,"['x_127', 'y_51']",10,"['66398E96', '6975A7E4', 'B260A91D', '21DC51E3', '0971F9BB', '04335DFF', '33C926EC', '595CA131', 'BC8D5CC8', 'C7A238C3', '5B65F89D', '9CBC7CDA', '8541C582', '229CA469', 'D9908E49', 'EA037AFF', '8C3982C0', '039FFB9D', '3136A296', '69DA8244', 'C136CF69', 'A3E82583', 'CB3ECA5A', '0634A501']",141,unconfirmed
creature_143,"['x_120', 'y_0']",10,"['B7931A86', 'ABD93AD0', '7186889C', '051A42CC', 'D84923B4', '54E2677F', 'E32E6514', '52162F84', '3F6BCBFF', '765BB7A7', '271833C2', 'C3B5259D', '20881DD3', 'BF94A143', '30476ECB', 'ED0ABC8F', '950519B4', 'F0772521', 'F501A344', 'A2B9300F', 'F9218E53', 'BD2F1B7C', '20881DD3', 'A6B36EC9']",141,unconfirmed
creature_144,"['x_47', 'y_77']",10,"['B2A5E1E7', '0AA933EE', 'D51256F5', '26AAFB77', '75425CAA', 'A32A12FA', 'C66881CB', '7DD0A4A5', '14D9CA2D', '78C9C10F', 'F0944B4A', '84D06A9A', '5E6331C5', '226AF19E', 'EE60C951', '467BE05E', 'B6131718', '3136A296', '32212916', 'AB801DFD', 'CC9D3266', '6CD9E88E', 'D634F3EF', '878F17B1']",141,unconfirmed
creature_145,"['x_35', 'y_89']",132,"['A8DB6051', '387C0BE1', '3F5893D9', '6110DCE0', 'BE0A029D', 'CC9D3266', '6FD8D63C', 'CEBB55A2', '66398E86', '41E772FD', 'BE436FE1', '5455E9AB', '6FBB76A2', '0319A751', '5E696CA0', 'B75353DC', 'C7A238C3', 'D900816D', 'A4F4F0BB', '467BE05E', '7DD0A4A5', 'E7A20C37', '8551C582', '999F0D4D']",141,unconfirmed
creature_146,"['x_103', 'y_127']",10,"['2D814356', 'AF9DE748', '957BE629', '8471D1B9', '3AA71704', '7D2EE53B', 'DE45D98D', '3ACE6F01', '1C501D6D', '3EB9781B', '48F13A31', 'D739E5EC', '86A8CA62', '948A082F', '74A2F300', '64A88A89', '54378A09', '27A0F613', '039FFB9D', 'B462DC8D', 'E67392FA', '2A083EEA', '6ABCDAC0', '814F120F']",141,unconfirmed
creature_147,"['x_126', 'y_117']",10,"['AE0018BB', '1D1278F5', 'E4805078', 'FE7E4720', '43D7522B', '54AA121A', 'A74D6474', '6A946900', '06DBC27C', '7C2EB640', '58AEC8A4', '5202FA6C', '1FA91C19', 'FA55C90A', '41DEA037', '9198C6BD', '39CAA8E6', '574E0FDB', 'C26C045F', '11326FC2', '6B33C80D', '241183F0', 'EE99F48E', 'AE54293E']",141,unconfirmed
creature_148,"['x_127', 'y_64']",63,"['EFFC0B15', '614CC517', 'B7A6946B', '6B4D1DA8', 'F1AFD7E9', 'C3B5259D', 'ECA5C4F8', '6D60F825', '5B6777B2', '74EBCB56', '802FCD91', '6D6C4FF0', 'D216978A', '26A1D984', '9983BBDD', '9C2B363E', 'AF56E828', 'CFB6EFB1', '72502338', '039FFB9D', '2E152217', 'F4245779', '79038BDD', '6AFBFD8D']",141,unconfirmed
creature_149,"['x_14', 'y_0']",44,"['B683ADCA', '950519B4', 'EC3F215C', '61745238', '0AAB4C29', '1FA91C19', 'F9218E53', '020FBD60', '86FD2E62', '14B7D383', 'E44E2826', '878F17B1', '58AEC8A4', '1AD6DCCA', '5C1D486C', '070A002F', 'E1755238', '855B953D', 'EA1231BC', 'F54F2806', '75FF192A', '7FE9B44D', '93A0CE02', 'E273729C']",141,unconfirmed
creature_150,"['x_126', 'y_127']",100,"['7A1C449A', 'AC68C8EA', 'C7108CA4', 'F56FF5E2', 'C0FA2E55', '2BEFC793', 'B9A96693', 'E54481A2', '4E93D17E', '1E9D9549', '8471D1B9', '00747F80', 'AF9DE748', 'D6593011', 'D5DE6459', 'ED8AFD45', '5F4B5C01', 'A32A12FA', '5C1D486C', '1112F005', '5406800F', '0C1CDC12', '1AAF8EE5', 'C919D2EE']",141,unconfirmed
creature_151,"['x_127', 'y_20']",12,"['B13B88CD', 'FB323CBB', '69F61457', '271833C2', '6325D3CE', 'D439EC51', '35F7DCF3', 'A200530B', 'E774C316', 'C919D2EE', '08206506', 'A8E030EB', '5F1F9727', '4CA6E8AE', '3F5893D9', '790A1088', 'C44CD9EE', '9593E722', '5977D0FD', '194AD403', '7A345A3E', 'C713F456', '13A889EE', 'E6AF32DE']",141,unconfirmed
creature_152,"['x_26', 'y_127']",10,"['CBD87889', 'E77F7C18', 'AA95606D', '6712CFD6', '15049A7A', '0903D2DF', '0924EEAB', '2852659C', 'B96FD081', '599DB2DB', 'FE3CA2D6', '4366961D', 'ED8AFD45', 'A3295655', '3391CC69', '15A3E0DC', '7186A89C', '7A1C449A', 'B6531718', 'A25FDBDD', '2E903A02', '120FEAF1', '5D94652C', '5320E806']",141,unconfirmed
creature_153,"['x_78', 'y_0']",10,"['68811C05', '2C2CF4C9', '5C3D487A', 'B134356A', '56B699CC', 'EF2C05A0', 'B79C6CBC', '7176D28A', 'C79051E9', '3D9CFA08', '237C6643', 'C1E125CB', '0C713F1B', 'BA4E0F80', '4BF1C8FC', '2D93C39E', '9A0E465C', 'C0A9E202', 'E110DCE0', '7DD0A4A5', '18F22DAD', 'B9B23B93', 'EF694007', '6CCE6BA1']",141,unconfirmed
creature_154,"['x_109', 'y_107']",128,"['3677CFED', 'E2E34162', '11326FC2', '04EEB78F', '96F87370', '363E48D8', '98AD0D5C', '909EFADD', 'F501A344', '8EF4E6A1', '680DBA79', '3A952A5B', '886B05A0', '6502AD35', 'AFDA56C2', 'F357729A', '87A0233F', 'F8EE1F7E', '092CEEAB', '74A2F301', '3AA71704', '8196A79D', '1D7ED430', '4980E4DA']",141,unconfirmed
creature_155,"['x_125', 'y_93']",10,"['6E5D830C', 'C166264C', '0E1C1C21', '2A083EEA', 'B7A6946B', '29C44705', '34DFA7C6', '0A66CEA2', '8AA55F2F', '3E5E60D0', '729E1E68', 'FD361BFE', '763B6941', 'C919D2EE', 'B83C6908', '6DE2B10C', '0A698DAE', '5C1D486C', '4087CE69', '40DFBA0F', '2FFA05F0', '4D007EA5', '0296E9E5', 'C6CFB8A3']",141,unconfirmed
creature_156,"['x_11', 'y_0']",82,"['3F38C6A2', '93A0CE02', '5C1D486C', 'F1125973', '2E903A02', 'FA6E69A5', 'EA773D84', 'F9547558', '9F39228F', 'F90FE80F', '028D18B7', '3AF3F8D2', 'E44E2826', '55FF192A', 'AFC8990A', 'DF81B217', '2FFDDEF1', '88BFDBFF', '020FBD60', 'ED9BAA32', 'A9F35F5B', 'F9218E53', 'F54F2806', 'E8DBD749']",141,unconfirmed
creature_157,"['x_122', 'y_126']",113,"['3A3E399A', '5785F529', 'E50BD852', 'D6F4A0EF', '96E2A3D4', '6CD9E88E', 'AA57BF2D', '26EDEB76', '208A4EE3', '735EEC52', 'C392C690', '84988060', 'C53481DF', 'FED409DB', '3BFC8105', '6899064B', '892EC5B9', '5937DCD7', '75B12FAC', '83D3903C', '6252E8B8', '824C755B', '5181FC56', 'CE7B08FE']",141,unconfirmed
creature_158,"['x_127', 'y_6']",10,"['E62E1FE5', 'EB61FA48', '3379A416', '180D9C25', 'C919D2EE', '2AE12C81', 'D460FF6A', '518EFA39', '0E1C1C21', 'D961E36E', '01EBC811', 'B4B77DB6', '3BDE0114', 'BEAFE6F7', '0AEEC4BC', '946E73D7', '9D745F76', '4C5546C0', '92A5CEC5', '29B2D76E', 'F53450E1', 'F87ED0BD', 'D9A3CACC', 'C919D2EE']",141,unconfirmed
creature_159,"['x_84', 'y_126']",151,"['AA6A13DA', '8744FFB5', '818961AE', '2FFFF8F7', 'E1745238', '752AC979', '9FDEF8D1', 'A611895F', '1C69E5A7', 'E9010184', '29C33E44', '18140F4C', '64B95CF1', '5406800F', 'FF405D9E', '3904A07A', '2BEFC793', '013CB0BA', '4D1867A6', 'C2F96012', '6325D3CE', 'A06C90EA', '690EE25F', '93E4F770']",141,unconfirmed
creature_160,"['x_38', 'y_61']",10,"['6D6C4FF0', '9949DA34', 'AAE0CA3B', 'E44D0B8D', '9E109FFA', 'C7D8DA43', 'E8AA80EE', '24F7510B', '54378A0D', '7F71610A', 'FC398EA2', '42A3ED44', 'BC1435F1', '7222872D', 'A2887A94', '470A002F', 'A859CC09', 'D31C5522', '96F19224', 'E273729C', 'F47C421E', '6252E8B8', '7F30F25A', '2FFA05F0']",141,unconfirmed
creature_161,"['x_0', 'y_11']",54,"['3A952A5B', 'CEB1657F', '2A083EEA', '1FDA8658', '90F33B54', '96037C49', '9FEAA8B0', '887160BF', '020FBD60', '2EE562C8', 'AF9DE748', '143C36AB', 'BB3B803B', '374B601F', '840F5FE3', 'C6CB42CB', '68811C05', '9FFE7AFF', '0296E9E7', '802F0D37', '7B484FC8', '144186A8', 'B75353DC', 'F92C6DBD']",141,unconfirmed
creature_162,"['x_101', 'y_16']",10,"['94333B0D', '5C6B077E', '593C42C7', 'D7283B49', 'E3E9F961', '78510A60', '8F2A7C1D', '7C282119', '6C746C5B', 'D74D86C7', '1F330E53', 'B56E46B0', 'E308C27E', 'F602E340', 'A02EB9CD', 'B5A3FFFD', '0D758F82', 'CEB1657F', '735EEC52', '3298B2DD', '892EC5B9', 'DB644252', '208B4EE3', 'AA57BF2D']",141,unconfirmed
creature_163,"['x_127', 'y_33']",10,"['EB61FA48', 'E872E8E1', 'D460FF6A', '33854B85', '820FBD64', '7730FA0B', 'B1475B53', '19478D5A', '3C5EA438', 'AA6A13DA', 'CDCB273B', 'F0772521', '5558D3B6', '180D9C25', '28AE838C', '55BD4F75', '0AEEC4BC', '84988060', '4556C53A', '4E92DDA5', '0AA6BEA9', 'ABB230CF', 'D9330A48', '7F32F25A']",141,unconfirmed
creature_164,"['x_127', 'y_0']",10,"['645ADD40', 'E8004DAD', '0E8B13C1', 'BE0A028D', 'DADCEC3F', '90F33B54', 'B147F411', 'A23ADD62', '2D48E7A1', '37B9D0BD', '93844BD6', '58C153C9', 'F7A03AA1', 'C852980B', 'C45523AF', 'FE4156C8', '41E772FD', '3A50B799', '4A9098E1', '324D2562', '29D9EFE5', '3925E231', '0634A501', '6FD8D63C']",141,unconfirmed
creature_165,"['x_46', 'y_124']",149,"['A4830A14', 'BCBCAA5A', '301D232A', '2FFDDEF1', 'D2E85BDA', '5AD579B9', '8AF19A30', '820686D1', 'CAC4658E', '81B553FF', 'D62F1DF9', 'CE7B08FE', '3D0FD67C', '57F4A63A', 'FE05DD59', 'C0D7F365', '1C1D0D44', '91FC66F4', 'C7F1D080', '55BD4F75', '432CB6C1', 'E2735294', 'B79C6CBC', '4D40C49E']",141,unconfirmed
creature_166,"['x_92', 'y_0']",10,"['941FDB78', '69DA8244', '2C1B7281', '9A0E465C', '3E38D558', '230F8C2F', 'BC8D5CC8', '8360B4B5', 'D802C346', '2013B824', '5B65F89D', '8541C582', '584BCFEC', '6B33EAE8', 'D435EA35', 'D142C115', 'F5F3676B', 'CB3ECA5A', '2A8D491C', 'F057D664', 'C9D9C821', 'C919D2EE', '33C926EC', '0FF2A76F']",141,unconfirmed
creature_167,"['x_104', 'y_22']",10,"['6A90D883', 'A46837F2', 'C1368D52', '6E74E529', '8421CCF8', 'E18F8E6A', 'C7045CF3', 'B917474E', '5571E820', 'E34AA3F0', 'B94F5E9E', 'B26E7587', '27D9F4D0', '21DC51E3', 'A9DDBB17', '24D09083', '4A2E41A8', '43B29CBA', '6FD8D63C', 'C89A6A54', '3AD4047D', '5320E886', 'E110DCE0', '6684F85C']",141,unconfirmed
creature_168,"['x_127', 'y_21']",10,"['78228FC2', 'A02E5797', '86A8CA62', 'F0772521', '8A971A6A', '856E5C17', 'FE0156C8', '7CE04933', '9B26DE40', 'C3B5259D', '2EAC69E7', '251E8A33', '72539D61', 'BC1435F1', '140DF73E', '7186889C', 'D84923B4', '5FD36F28', '52162F84', '3E5E60D0', 'E26A4B55', 'FFE6DB37', 'E608409E', '3F6BCBFF']",141,unconfirmed
creature_169,"['x_96', 'y_116']",140,"['B896E1CB', '91E7F91B', '3413B53C', '1ADFC2B6', 'C7F1D080', '8AC36B16', 'FF063387', 'EB61FB48', '2FFDDEF1', '9C2418D3', '79D80C58', 'A8650ADE', 'ECB28096', '0858D308', '5183FC94', '547AE424', 'A32A12FA', '4CA6E8AE', 'F8EAD7CC', 'D1331700', '75F943D9', '92A5CEC5', '07379472', 'C3CFC63A']",141,unconfirmed
creature_170,"['x_100', 'y_125']",15,"['3BFA8601', '11D86E6A', 'E8AA80EE', 'EF2F3791', '2E3F235B', '7176D28A', '8FE60146', '857ED838', 'B26E7587', '26EDEB76', 'A50E988C', 'C3C4AB6D', 'DDD09CB6', 'ED9BAA32', 'E76FD62F', '24D09083', '3E3FB417', 'A8DB6051', 'D09F4E14', 'BDF956B6', '3925F231', '18F22DAD', 'E4788AF5', 'B5CF1CB8']",141,unconfirmed
creature_171,"['x_115', 'y_0']",10,"['E260BBE5', 'E872E8E1', '0BB2C98B', '1F1723B4', 'AB4533A4', '4E4CAC11', '6643770C', 'F53450E1', 'A0B61F74', 'B13B88CD', '6B210C11', '44A38608', 'AE499FD4', 'ADB41CA9', 'F1ECD5A7', '423A5ABD', '8C65FBDA', '5491C36E', '26DBE057', '45995B5A', '9055E348', 'E45D4EE7', '7E73266D', '5491C26E']",141,unconfirmed
creature_172,"['x_41', 'y_127']",18,"['023F80D8', 'F993C448', '45FC0E4F', '0D09ADF1', '767BD22A', '6B4CBAA5', '946E73D7', 'BD2E87F2', '5E4BE5BE', '775C316A', 'C9F595BD', '2DD23FC7', '95BA561A', 'E8CBC0A0', '8AE1D78A', '0AA6BEA9', 'ECD668B0', '88BB315A', '4087CE69', '7C4048F3', 'CD7B1A8C', '9B2BDCF7', '2764DD5D', '5634F226']",141,unconfirmed
creature_173,"['x_58', 'y_73']",10,"['F602E340', '8E974473', '0315C701', '5F94652C', '1919AFC6', '8218212C', '5406800F', 'B75353DC', '804510D2', '93294268', '68811C05', '2E85945A', '69044DAD', 'C0AEF0EF', '73A16E85', 'B6EF739E', '7730F20B', 'EE56A0E7', '5587490E', '8196A79D', 'D59F39B6', '3A952A5B', '5634F226', 'F4773578']",141,unconfirmed
creature_174,"['x_127', 'y_25']",71,"['68811C05', '6E3CEC1B', '1B2CB6CB', '9C1CCA5F', '98EF11D6', '9F6B5416', 'E59604D7', '552E48B1', 'AB801DFD', '1AA3CB4C', '235102F6', '9D0DBE2A', 'DA5C057E', 'E50BD852', '0319A751', '2A083EEA', 'F53450E1', '391BFA47', 'BFAB2DD7', 'A32A12FA', '26AAFB77', '6CCE6BA1', '23FCEEB7', '93290F16']",141,unconfirmed
creature_175,"['x_60', 'y_127']",10,"['FE8735FB', 'B16FD081', '1CAC7D7E', '71802F67', '771EE309', '14E23C4D', '2719251F', '0A449CDA', 'ED8AFD45', 'D844C6BC', '0409B873', '115A5136', '116FE1F3', 'F7646DDA', 'B16FD081', '7D92D0C1', 'DB644252', '9467EE5E', '039FFB8D', '957BE629', '86A8CA62', 'BB3BA03B', '2D04199F', '2852659C']",141,unconfirmed
creature_176,"['x_126', 'y_53']",10,"['F8EA57CC', '6774989A', '82F505C5', '2A36624F', '99F6BBD9', 'DD39B8F9', 'CD8AFD45', 'AAFE6C13', 'C1497B6F', 'A476F1C2', '9A929FD0', '8471D1B9', 'D73109C2', 'AF150266', '15049A7A', 'BC91F706', '41FAD1E7', '72502338', 'BCE80F2D', '243416F4', '8671D1B9', 'CD8AFD45', '3065BA5B', '116FE1F3']",141,unconfirmed
creature_177,"['x_125', 'y_124']",34,"['4EE18C9A', '6F75B2DB', 'D568D830', '6890FE2A', '0296E9E7', '2F8CBF57', '5587490E', 'A4894B78', '213F1485', '8EBB8FC0', 'EADC6C39', 'C012EFD3', '802FCD91', '1EAB2AB3', '76A63C2C', 'BF7AB8D0', 'C6B24A19', 'ED34DC2D', '4977AB44', '557299DC', 'A56114B0', 'DF1D8BDA', '1767A058', '3BFA8611']",141,unconfirmed
creature_178,"['x_71', 'y_111']",11,"['E373529C', '5F4B5C01', 'F501A344', '4F4C567E', 'A2B9300F', '3722B2D8', '5B88F697', '5E7E245C', 'A9D0D151', 'C7108CA4', 'F501A344', 'C0FA2E55', 'D646D308', 'B2364E77', 'DC424390', 'E273529C', '2FFA05F0', '2EF7B3B1', '4FDA2210', 'C28E3F3F', 'A6A1CC2D', '3F38C6A2', '5E3DFB35', '6CBDC1AA']",141,unconfirmed
creature_179,"['x_96', 'y_115']",151,"['BE73253A', 'EE76713D', 'D751ED2B', '1953C41C', '2D93C39E', '72502338', 'B01E9708', '86A8CA62', '8F79F160', '2B62273F', 'C04B790A', '23818D72', 'EFC83432', '55BD4F75', '7730FA0B', 'AC47DA89', '62D6272A', '840B76EC', 'FF415CC0', 'C3C4AB6D', '72502338', '79038BDD', '8646E469', '41FAD1E7']",141,unconfirmed
creature_180,"['x_90', 'y_0']",115,"['15483906', '8C65FBDA', 'B32B491F', 'EF2C05A0', '231B4B49', '7D92D0C1', '10513459', '2E9C81BC', 'BCE80F2D', '7FF7CF76', '6AA28838', '6AF3FD8D', '2D93C39E', '5B65F89D', 'D59F39B6', '7ED7C55C', 'F2EC688A', '2C0FEFA8', '23FCEEB7', '33A8FA2B', '8B69A2F6', '6643770C', '50EEE56E', '4CA6E8AE']",141,unconfirmed
creature_181,"['x_125', 'y_97']",43,"['CE9A6F57', 'ACE72768', '33854B85', '7DD0A4A5', '1035B1DD', '82F505C1', '5AD579B9', 'E11738AC', 'B26EC4EA', '8E964473', '20222F5B', '5B65F89D', '0FF2A76F', '14D32DE3', '954DDE9B', 'A2887A94', 'F462D363', '61F9B4D1', '541CA716', '2AE12C81', 'DB69C4EE', '28E5A189', '4E92DDA5', 'C7F08942']",141,unconfirmed
creature_182,"['x_126', 'y_52']",38,"['2E3F235B', '15483906', '8FE60146', 'E7AE8BE1', '7176D28A', '8AA2D7D7', '857ED838', 'C3C4AB6D', '07FA0DE4', 'B469565B', '0AF2D04F', 'CBED0331', 'EC28BA2D', '83EC030B', '6080E69A', 'D844C6BE', 'D44CD9EE', '107BD50B', 'BC91F706', 'BDF95636', 'F0816C2D', 'DFC9CB15', 'AE0018BB', 'E76FD62F']",141,unconfirmed
creature_183,"['x_98', 'y_58']",36,"['4BF1C8FC', '953E2983', '5406800F', '54378A09', '217F434D', '2F903A02', 'F0359477', '968D07C2', 'F5F309F4', '68F518DE', '844D2AF3', '99DF6FC8', '3722B2D8', '4F4C567E', '6080E69A', '694A0115', '648A8514', '290BF8FC', 'D844C6BC', 'F0816C2D', 'CFB6EFB1', '13BD67D3', '6AFBFD8D', '5CB5F845']",141,unconfirmed
creature_184,"['x_112', 'y_0']",139,"['959775DA', '9424BAE8', 'EA7599DA', 'E8F56E15', '9C316567', '4AA4B82F', '9CD51A01', '8004A15B', '271ECA89', '70FCF875', '16719EC8', '97BCAD63', '150DDA1F', '3A592578', 'E27BE895', '91D95D2F', '83E88BBC', '7730FA0B', '0AA6BEA9', '76A63C2C', '388F5F5C', '824C755F', 'EE08052C', '270B55F5']",141,unconfirmed
creature_185,"['x_125', 'y_1']",10,"['F82E1760', '694A0115', '4453FD4C', '8392D94A', '1FA91C19', 'FB7D1623', '59BDB2DB', '5320E806', '290BF8FC', '8DABEE9C', '1750BAEE', '41421196', '5CB5F845', '8AA2F7D7', '4F4B30BD', '9D179F8B', 'BCFB34A0', '6A18B2D9', '13BD67D3', '2727952F', '1480468C', 'F0359477', '6AE16D63', '830C788F']",141,unconfirmed
creature_186,"['x_126', 'y_108']",72,"['35F7DCF3', 'A2F8A9DD', '533D49D4', 'E7A6B685', '77466F31', 'BAEEB524', '92D83242', 'DF1D8BDA', 'EA1231BC', '3A2D3225', 'F1F7A906', 'FB323CBB', '5694F172', '822DEDA1', '3391CC69', '34434173', '27F68044', '1972D07D', '3D0FD67C', 'A769E83B', '4F56DF94', '81A7B8C8', 'FAA3A6F7', 'E8F56E15']",141,unconfirmed
creature_187,"['x_119', 'y_37']",10,"['208B4EE3', '3A3E399A', '13E01BAF', '9FF0BD47', 'EB97C6A0', '5C6B077E', '0E9864CE', 'A50B09B4', 'D6278E63', 'A02EB9CD', '67840244', '238639D3', '54B41E3B', 'C61BAE83', '92BEF07B', '095F3758', '96BC58FE', '735EEC52', 'CA697CE2', '640A6CCC', '641238A4', '7C282119', '6C746C5B', '3391CC69']",141,unconfirmed
creature_188,"['x_105', 'y_124']",10,"['A9DDBB17', '5320E806', 'C1368D52', 'E18F8E6A', '7B484FC8', '0AF749F7', '4E2E41A8', '14D32DE3', '209232AE', 'C7045CF3', '5571E820', '374B601F', 'AFA795D9', '116FE1F3', 'A8E030EB', '27D9F4D0', '4381F679', 'B26E7587', 'A4683772', '3E5E60D0', 'CDC37939', '26EDEB76', '9198C6BD', '6684F85C']",141,unconfirmed
creature_189,"['x_67', 'y_22']",10,"['0DE097F4', '6B4D1DA8', 'F82E1760', '0A2CC3ED', '5BAB5E48', 'D7F08942', '251E8A33', '09594046', '4E2C9144', '3A799789', 'BE436FE1', 'C8019255', '4D98078D', 'FA6E69A5', '8B560A1A', '4E619263', '9EA996DE', '18140F4C', 'D900816D', '7F619E6D', '8DDA5C7A', '1AA3CB4C', 'F0772521', 'F4245779']",141,unconfirmed
creature_190,"['x_121', 'y_0']",15,"['CC9D3266', 'C8019255', '8196A79D', 'BAAB0722', '5455E9AB', 'F20E521D', '13BF67D3', '6FBB76A2', '5E696CA0', '878717B1', '0AA933EE', 'CEBB55A2', 'A769E83B', '14AEE726', 'F304F320', '61958534', '883B44F2', '7DD0A4A5', '125E8580', '237C6643', 'A1839AA6', '7BFF9DF6', '944CDA3D', 'B75353DC']",141,unconfirmed
creature_191,"['x_127', 'y_85']",10,"['07A1FAF2', '3677CFED', '14B7D383', '5491C36F', 'E859B700', '8BFED1F9', '2E903A02', '4BD3010E', '72E63E0C', '6F6F55DE', 'DDD09CB6', '9DF0FB4F', 'B435E451', '75FF192A', 'E273729C', '4BD3010E', 'D0ADC561', '148EED11', '5890113E', 'A4122050', '5B2A6195', '58AEC824', '6573DFAC', '391BFA47']",141,unconfirmed
creature_192,"['x_12', 'y_0']",10,"['E1E39AD2', 'E5B8E9D1', '0A2CC3ED', '04EEB78F', 'A97FFFA7', 'D457BE1B', 'DEBCA2D6', '6D3ADED3', '3E5E60D0', '653416D1', '4CB0D611', 'A4122050', 'B2BEBB48', '54A7A556', 'ED9BAA32', '673CB92F', '1734A9DE', 'E1647376', '7C481479', '1FA91C19', '19CD0BD7', '9C5A2485', 'EDAD9501', 'AC4865EE']",141,unconfirmed
creature_193,"['x_8', 'y_43']",10,"['6B4D1DA8', '6E74E529', '5571E820', '57F296AB', 'E3E9F961', 'ACE72768', '8C666E33', 'FD361BFE', 'CD63446F', '43B29CBB', 'C83437BA', '26EDEB76', '3E5E60D0', '2E790C73', 'C1368D52', '6A90D883', 'A9DDBB17', 'FA6E69A5', '2DDCAED2', '8421CCF8', '9144E975', '5B6777B2', '24D09083', '9983BBDD']",141,unconfirmed
creature_194,"['x_126', 'y_65']",71,"['54E2677F', 'F9218E53', '6F49D767', 'A63B61A6', '051A42CC', 'E8AA80EE', '78073B8E', '30476ECB', '53083AC7', 'E8DBD749', 'F501A344', '54EB1579', '16E3FDE5', 'BDF95636', '020FBD60', 'A50E988C', '20881DD3', '316D2570', 'EF2F3791', 'C28E3F3F', 'BD2F1B7C', 'BF94A143', '8FE60146', '3D6CCD23']",141,unconfirmed
creature_195,"['x_82', 'y_51']",14,"['1CDFCD62', '50B233CA', '226AF19E', '11326FC2', '216A3036', 'D001CD44', 'DEBCA2D6', '7C481479', 'D3FCCF53', 'FA4C5F28', '8FB3621C', '9FA20271', '6E74E529', 'CEB1657F', '2C1DB163', '88A19BB6', '6252E8B8', '86A8CA62', 'A32A12FA', 'DFFE7AFF', '2582CC05', '8828B015', 'C87160BF', '08D68140']",141,unconfirmed
creature_196,"['x_100', 'y_76']",10,"['31ED34B9', '0971F9BB', '21DC51E3', '79284180', 'ED340226', '3602B10A', 'B2A5E1E7', '34E76B4D', '9949DA34', '9CB75061', '079F8773', '7C949BA7', 'E8AA80EF', '02A74ECB', '8564A59B', '66398E96', 'EA037AFF', '246949ED', '44BB06E9', 'C919D2EE', '039FFB9D', '3E5E60D0', '0634A501', '412F2101']",141,unconfirmed
creature_197,"['x_126', 'y_124']",151,"['4167264C', '35F47DEE', 'FA6E69A5', '9983BBDD', 'C4BCACE5', 'EADC6C39', 'CD63446F', 'D008D0ED', '752AC979', '6B4D1DA8', '8004A15B', '2A85B7E9', '9574F712', 'D7CD9158', '41FAD1E7', '5B6777B2', '2DDCAED2', '2E790C73', 'C2F96012', '41DEA037', '0296E9E7', '8B560A1A', '388F5F5C', '0B075471']",141,unconfirmed
creature_198,"['x_127', 'y_27']",10,"['BA9167C3', '290BF8FC', '5558CD22', '8646E449', 'E50BD852', '9689CC38', '8DABEE9C', 'F0816C2D', '1BD52A87', '41421196', '8AA2D7D7', '5650A7DC', 'F0359477', '13BD67D3', '5A0F79D6', 'F05B2C89', 'E7AE8BE1', 'B9E1C858', 'A8650ADE', '8CBA2C02', '6080E69A', 'E0703EB6', '1BADAE92', 'C7F1D080']",141,unconfirmed
creature_199,"['x_82', 'y_127']",10,"['EAEF2325', 'B8D46A64', '068EFDB2', 'AC4867EE', '0FD3251D', '4E92DDA5', 'E11738AC', '8AA55F2F', '9949DA34', '57585388', '194B5AB3', '01420254', '0FF2A76F', '5A00730E', '3E5E60D0', '804510D2', 'DA3B30D3', 'ACE72F68', 'DC3F2BBE', '29C44705', '6C91E3D0', '954DDE9B', '2A083EEA', '433BE5FE']",141,unconfirmed
creature_200,"['x_0', 'y_10']",52,"['BB5CDBF3', 'DB7F23E0', '1BEDAE92', 'FAC1D60E', '6AC54702', 'F368763A', 'CE9A6F17', '2D1A2430', '840B76EC', '8F493E0F', '5EF035F6', '10513459', 'A200530B', '73204A58', 'CDC37939', '694A0115', 'F1974722', 'EB51F268', '2DD23FC7', 'B4784CC4', 'C47FA91C', 'EEF38937', '6BB38916', '6B155125']",141,unconfirmed
creature_201,"['x_125', 'y_118']",10,"['DB644252', 'E3E9F961', '6D6C4FF0', 'F47C421E', 'E32B60E7', 'ED105464', '115A5136', '5320E806', 'B6F86F69', 'D001CD44', '08206506', 'F07FE48F', 'C66881DB', '4635A097', 'CBDE245A', '878F17B1', '5694F172', '24DA34C2', '855B953D', '78C9C10F', '8C768528', '41461196', '5C08E6F4', '3915150F']",141,unconfirmed
creature_202,"['x_126', 'y_92']",10,"['33854B85', '3391CC69', '26A1D904', '144186A8', '0296E9E7', '0BB135B0', '5937DCD7', '5A00730E', '0D758F82', '54B41E3B', '5181FC56', '5AD579B9', 'C0DD1ECD', '34B563D8', 'B26EC4EA', 'B4784CC4', 'AA6A13DA', '8845097A', '28E5A989', '5119E38F', 'AAE0CA3B', '0E8B13C1', '0FF2A76F', '2D1A2430']",141,unconfirmed
creature_203,"['x_127', 'y_91']",55,"['B93E478E', 'CB92C1B2', 'AC636961', '326D944A', '9EC9085E', '6AFBFD8D', '1A9EC5AB', '1A626680', 'C09CBD74', 'BE73253A', '148EED11', 'A86E359B', 'AB88C43D', '6BB38D16', 'E110DCE1', '3F121B78', '1DD98428', 'E8E8714F', 'C47FA91C', '2AA53F41', '5316E2C3', '0EB861D8', '59AE4175', '8F493E0F']",141,unconfirmed
creature_204,"['x_34', 'y_127']",10,"['2A083EEA', '4E00E878', '7F619E6D', '4E619263', '917611C5', '50B233CA', '6613D399', 'C7A6D69C', '4E2C9144', '0A2CC3ED', 'C4810BC6', '020FBD60', '3F88F49A', 'D7F08942', '144186A8', '706DA9C2', 'BB3BA03B', '3E5E60D0', '8AF0413E', 'FE01D6C8', '48DD7A2F', '462D746C', '09594046', '251E8A33']",141,unconfirmed
creature_205,"['x_126', 'y_21']",10,"['1F1723B4', '79F1712C', '61BE4449', 'F357729A', '9F6B5416', 'E859B700', '60FC1C3F', '27A0F613', '9467EF5E', '9C1CCA5F', '1AA3CB4C', '71802F67', '909EFADD', '4F47375A', 'EE99F48E', '93290F16', '3037C7C9', 'F92C6DBD', 'A7F1681F', '18888C52', 'F07E64AD', '6A509596', 'F53410E1', '86A8CA62']",141,unconfirmed
creature_206,"['x_115', 'y_101']",10,"['C53A1A54', 'B86717A8', 'FE05DD59', 'DAB61181', 'B16F5081', 'F993C448', '6B155125', '8293FD26', 'CFDFD3E4', 'ECE9C031', 'EE99F48E', '78F50172', 'D62F1DF9', '46468107', 'C4DCF54F', 'C7A6D29C', '67E934C2', '9BADAE92', 'AFC8990A', '5993BD8A', 'A8E030EB', 'F6092274', 'BE0A028D', '261072BE']",141,unconfirmed
creature_207,"['x_126', 'y_25']",10,"['7F32F25A', 'C3BF1761', '2B89D200', '51863268', '3AC2ECA5', 'D8F7B27D', '14D9CA2D', '2A85B7E9', '07A1FAF2', '3F6BCBFF', '29C44705', 'E32E6514', '7C481479', '14B7D383', '09057C13', '20881DD3', '7186889C', 'C034E976', 'F90FEA0F', 'F0772521', '3E5F60D0', 'C1368D52', '020FBD60', '271833C2']",141,unconfirmed
creature_208,"['x_33', 'y_1']",10,"['9043405C', '6B33EAE8', '1EDB30D9', '7F55D263', '08F57CCC', '77CABF6A', 'F53450E1', 'F1ECD5A7', '840B76EC', '6AEC169A', '5212AD3E', 'D84923B4', 'EEF38937', '4BF0B572', '6684F85C', 'D627E6A2', '9C316D67', '9E74445E', '45392CC0', '1A18D099', 'B4B77DB6', 'BE73253A', '10513459', 'C47FA91C']",141,unconfirmed
creature_209,"['x_76', 'y_0']",10,"['EE99F48E', '39CAACE6', '6C7AB39A', '7045BF5B', '5119E38F', '1FA91C19', 'FA55C90A', '0903D2DF', '6B33C80D', '673CB92F', 'FDEB6F47', '59DAFA88', 'E8AA80EF', '91BDCCF3', '14BB9D51', '2E6562C8', '947B50CA', 'E334758E', '3116A296', '116FE1F3', '69044DAD', '42A3ED44', 'D24B4D96', 'B2A5E1E7']",141,unconfirmed
creature_210,"['x_40', 'y_0']",10,"['58AEC8A4', '855B953D', '06DBC27C', 'F7646DDA', 'FB01CFD4', '74F84126', '9DF0FB4D', 'EE60C951', '1FA91C19', '4635A097', 'ED9BAA32', '9467EE5E', '43D7522B', 'E32B60E7', 'F07FE48F', '78C9C10F', '039FFB8D', '574E0FDB', '9457835C', '1A584316', '878F17B1', 'AE0018BB', 'CBDE245A', 'FA55C90A']",141,unconfirmed
creature_211,"['x_127', 'y_90']",10,"['DDE68CD8', '558EEDAE', '9593E722', 'C713F456', '9EA996DE', 'CBD87889', 'F42AFA1E', 'A200530B', '69F61457', 'FE4BEF56', '9FBCF449', 'F49CF50F', '2EEDFD3F', 'AB942D6A', '2A86E375', '4EE18C9A', 'D7B109C3', 'B63CC65D', 'BB24D962', '2D93C39A', '6C2337C2', '5EA131F5', '56B699CC', '790A1088']",141,unconfirmed
creature_212,"['x_123', 'y_127']",141,"['BBBB5769', '584BCFEC', '039FFB9D', '018DFFFA', '000442A8', '8196A79D', '5D557B55', '6E442095', '41FAF1E7', '9EC9085E', '6BD384D1', '5455E9AB', '326D944A', 'FB0439EE', 'D686EA91', '91BC7DF7', '5634F226', 'A10FFB92', '979B16C3', 'A3E82583', '94B67AE2', 'A9F35F5B', '6EB7A9F4', 'F58DD222']",141,unconfirmed
creature_213,"['x_127', 'y_127']",10,"['7C481479', '5DEADD67', 'DE45D98D', '293FD127', '4F824672', 'B2BEBB48', '29E27C4C', '8F2A7C1D', '594F0927', '80027FE2', 'AA57BF2D', '92BEF47B', 'D7293B49', '243416F4', 'E3E9F961', '0D758F82', '3298B2DD', '35F47DEE', '593C42C7', '560212A7', 'AD098315', '2B7F254F', 'B5A3FFFD', '74A3EC5C']",141,unconfirmed
creature_214,"['x_127', 'y_59']",10,"['4CA6E8AE', '246949ED', '8AE1D78A', '91BDCCF3', 'D844C6BC', 'D1331700', '615E8BF0', '04335DFF', 'C12D2514', '66398E96', 'C32439EF', 'ED340226', '0634A501', 'AB942D6A', '10D9AC36', '5B7452C3', '412F2101', '6325D3CE', '10B59703', 'B896E1CB', '3602B10A', '91E7F81B', 'F90FE80F', '2384A6EC']",141,unconfirmed
creature_215,"['x_123', 'y_63']",147,"['15A3E0DC', '6E74E529', '0C11E1C2', 'EB61FA48', '7C4048F3', '1DD98428', 'D9A09084', '664BD4AD', 'D9A09084', '6253838F', '8621A67D', '3273CB69', 'B3D332D5', '6253838F', '7F71610A', '8BFED9F9', '15A3E0DC', 'D8C5033A', '8626508D', 'A32F80D2', 'E8926133', '6FB9E345', 'DBCE4A23', '887160BF']",141,unconfirmed
creature_216,"['x_76', 'y_7']",10,"['8DABEE9C', '5F94652C', '840F5FE3', '805510D2', '3904A07A', '387C0BE1', 'B75353DC', '6E74E529', '93294268', '65845AEA', '802F0D37', '8218212C', '5634F226', '3A952A5B', '0296E9E7', 'FA4C5F28', 'F4773578', '1919AFC6', '999F0D4D', '6253838F', 'AA57BF2D', '06669DFC', 'A4894B78', '68811C05']",141,unconfirmed
creature_217,"['x_127', 'y_65']",64,"['143FDE57', '8BE40A15', '6B98A70B', '4F824672', 'FB9EC281', '1F330E53', '79F6A585', '06D9530B', '5C09CF85', '78510A60', '422A5ABD', '9C66EBFB', '6267FCD3', 'D264F417', '954DDE9B', '018DFDFA', '0E4B7DDD', '24BF2FC3', '8541C582', '24D09083', '7BBD2F91', '59759CED', 'B5C930BE', '8F2A7C1D']",141,unconfirmed
creature_218,"['x_120', 'y_84']",10,"['C6DD397B', 'D900816D', 'FAB61181', '11D86E6A', 'F1ECD5A7', '44BB06E9', '512DDF03', '758663BD', '44E68D53', '20881DD3', '0C1CDC12', '4FDA2010', 'F9F30AEC', '7C949BA7', '08C27AC9', '74E08B75', 'E50BD852', '9949DA34', '2FFA05F0', '2A083EEA', 'BAF55315', 'B22B0BC9', '378FDB37', '34E66B4D']",141,unconfirmed
creature_219,"['x_126', 'y_2']",10,"['0FF2A76F', 'F7B03AA1', 'FD361BFE', 'C919D2EE', '98517A05', '98A43E18', 'B2D68427', '15A3E0DC', '0924EEAB', '4A2D655A', 'DF6AA058', 'B7A6946B', '67840244', '4087CE69', '3F5893D9', 'CBD87889', 'E77F7C18', 'EF1781DC', '3391CC69', 'B83C6908', '2D671B03', '4E2C9144', '973BF6D8', 'AA95606D']",141,unconfirmed
creature_220,"['x_127', 'y_121']",10,"['338D4B85', 'A08F07B8', 'ECA5C4F8', 'A4122050', '5BAB5C48', 'DABB4D38', '3C5EA438', '9198C6BD', '802FCD91', 'F4245779', '7490A18F', 'D7B9CB97', '9EA996DE', '6B8CB017', 'E274E697', '08206506', 'DED559FD', '6573DFAC', 'BE436FE1', '3A799789', '4A18B2D9', 'C8019255', '5C9D3CD6', 'B435E451']",141,unconfirmed
creature_221,"['x_43', 'y_0']",10,"['0AA6174A', '4EE18C9A', '9CD51A01', '52E8E28C', '3A192578', '5AAEC8A4', '0A698DAE', 'A863739B', 'A90AD1FF', '125C2F71', '88C93124', 'E27BE895', '17B2DAD9', '4BD3010E', '67840244', '26A1D984', '26540BE2', 'CC19332A', '9424BAE8', '59BDFE8B', '3C5EA438', '150DDA1F', '7730FA0B', '6640CE43']",141,unconfirmed
creature_222,"['x_126', 'y_86']",150,"['0791D65F', 'F64075D0', 'A7605E29', '843982C0', '5B209CE0', 'FAA3A6F7', '0634A501', 'D02C2623', 'CC19333A', '14F5FA3D', 'C65CB76F', '13D65B82', '116FE1F3', 'DC424390', '0903D2DF', 'C136CF69', 'A8DB6051', '039FFB9D', '55FD81BD', '6975A7E4', 'F92C6DBD', 'D80B5EAD', 'F3E26DE2', '0A698DAE']",141,unconfirmed
creature_223,"['x_126', 'y_109']",10,"['C97D44B1', 'D73109C3', '2D671B03', '09057C13', 'F58DD222', '738398ED', 'B83C6908', '34A4E789', '09E9EA63', 'FD8EDA7D', '841EC9FF', 'BAAB0722', '9BBDD679', '8828B015', '300F15AB', '763B6941', 'ED8FA115', '882B05A0', 'CE3B55A2', 'C7A238C3', 'FDC19818', '125C2F71', 'B2C32F02', 'AA659577']",141,unconfirmed
creature_224,"['x_79', 'y_0']",10,"['CBDE245A', '3C02B7B5', 'BB3BA03B', 'D069B8E8', '4366961D', 'C66881DB', '54378A09', '82F505C5', 'BABC4BF5', '84D06A9A', 'A7F1681F', 'B7A6946B', 'C39E9A4A', '1A95B2AE', '79F1712C', '4AE0F65C', '9467EE5E', '6A33C80D', '36563CFA', '280DBA79', '24DA34C2', '999F0D4D', 'F0772521', '4F47375A']",141,unconfirmed
creature_225,"['x_102', 'y_5']",10,"['DB69C4AE', 'BC8D58C8', 'E11728AC', 'EB61FA48', 'B8BC0A05', '6C6C2343', '4F4C567E', '55D97A5D', '973BF6D0', '426CA080', '80027FE2', '5BAB5C48', '8DDF9597', '8471D1B9', 'A5A56EF5', '93294268', 'F4773178', 'A4683772', '56B1D2F5', '0296E9E7', '21C2793F', 'B2BEBB48', '1972D07D', '84FBB108']",141,unconfirmed
creature_226,"['x_59', 'y_127']",10,"['69044DAD', '34A4E789', 'D85AFD35', 'D939350C', '11D86E6A', 'B683ADCA', '5B65F89D', '3759BF2B', 'E8AA80EE', 'D9908E41', '16943B10', '1A0D23C4', '5316E2C3', 'B115DC9D', '467BE05E', 'D1BC7DF7', 'BC1435F1', '14D9CA2D', '944CDA3D', 'A8DB6051', 'A63B61A6', 'FC398EA2', 'E44D0B8D', '0634A501']",141,unconfirmed
creature_227,"['x_127', 'y_15']",10,"['D49A518F', '422A5ABD', '43D7522B', '5490C36E', 'F1ECD5A7', '5571E820', '954DDE9B', 'F47C421E', 'C1368D52', '0E8C422B', '9C66EBFB', '8C768528', 'E18F8E6A', '6A50959E', 'F357729A', '6D6C4FF0', 'E43A2C59', '115A5136', '953E2983', '41461196', 'DB644252', '2B8ED0C5', 'F0B11169', 'C3024C28']",141,unconfirmed
creature_228,"['x_0', 'y_2']",10,"['8AA55F2F', '5FD36F28', '2A86E375', 'FC8BA1D7', 'CD6D73B6', 'E44E2826', '7F71610A', '9F8CE8C5', '5C1D482C', '27A0F613', '2C2CF4C9', '6D6C4FF0', '9949DA34', 'E3C4AFCD', 'FC398EA2', 'E273729C', 'B79C6CBC', 'F9B23B93', '2E903A02', 'C12D2514', '1112F005', '5C9D3CD6', '5ADDC795', '020FBD60']",141,unconfirmed
creature_229,"['x_16', 'y_1']",77,"['8646E449', '71AB0182', '2FFFF8F7', '0AB0F3BF', '33579DF2', '68B427BD', '405C1A75', '9198C6BD', 'E0A8526E', '4B303925', 'C25571B0', 'EFFC0B15', '28F25545', 'FD5236EA', 'FB3AF46F', '8C18A1BA', 'E4B9DFD5', '22C0615B', 'D6593013', '657C8442', '37345834', 'F1AFD7E9', '5A3DFB35', 'AA6A13DA']",141,unconfirmed
creature_230,"['x_114', 'y_0']",10,"['A32A12FA', '26AAFB77', '5B2A6195', '80027FE2', '6975A7E4', 'ED9BAA32', 'F53450E1', '391BFA47', '3379A416', 'B75353DC', 'BAAB0722', '5491C36E', '58AEC8A4', '854871DD', '68811C05', 'FE5A2DC4', '0296E9E7', '93290F16', '1BADEE92', 'C1A11CA0', 'EF1781FC', '7B484FC8', '243416F4', '4011F3AB']",141,unconfirmed
creature_231,"['x_113', 'y_0']",10,"['26DBE057', 'C00FB9AD', 'A2B9300F', '71D0139A', '1F55365F', '6B210C11', '1F1723B4', '051A42CC', 'B7931A86', 'AC2150C5', '9198C6BD', '518EFA39', '11EE6A66', 'B7C930BE', '7BA0EA74', '5F4B5C01', 'A6A1CC2D', 'B752298E', '973BF6D0', '9C66EBFB', 'DC1DA595', '93BDDDC6', 'C4B9786E', '0BCDA946']",141,unconfirmed
creature_232,"['x_76', 'y_32']",16,"['FAA3A6F7', 'E0703EB6', '5C3D487A', 'C7A238C3', '4D4656B2', '9457835C', '229CA469', '4461585C', '06D8ED4D', 'F92C6DBD', 'C65CB76F', '51B1C738', '4980E4DA', '8AA55F2E', '973BF6D0', '12719EC8', '3BFA8611', '34DFA7C6', '37F2FCA6', '150DDA1F', 'F9D7D74A', '25F00858', '0903D2DF', '0634A501']",141,unconfirmed
creature_233,"['x_87', 'y_124']",10,"['F9A6D32E', 'B7A6946B', '4980E45A', 'D74D86C7', '0C717512', '1C0EDEC7', '7BA0EA74', '86D61BCC', '6D4E20A9', 'CE9831C0', '036AA27B', 'B438CB23', '1351FE6C', 'F1ECD5A7', '74466360', '4583D8B6', '705B30AC', '7E65E56A', '3839C44E', '672B31B5', '0791D65F', '81D9979A', '7BA0EA74', '1F1723B4']",141,unconfirmed
creature_234,"['x_127', 'y_2']",109,"['6B155125', '5DE0FAEB', '54378A09', '80F505C5', '9FA20271', 'A31434AE', '039FFB9D', '54378A09', '8F493E0F', '57810B3A', '6ABCDAC0', '2AE12C81', '7F71610A', 'EB100B9D', '9467EE5E', 'B7A6946B', '23FCEEB7', '6AF3FD8D', '27A0F613', 'BDA554F8', '4BF0B572', 'B79C6CBC', '9D745F76', '5650B7DC']",141,unconfirmed
creature_235,"['x_96', 'y_97']",12,"['9949DA34', '89A158A6', '1ADFC2B6', '55FD81BD', '8AF19A30', 'B7931A86', 'F2ABF750', '30476ECB', '4FDA2210', '8270FCFE', 'EAEF2325', '44BB06E9', '78073B8E', 'C68ADBA2', '5B85215F', 'D778F2DE', '4980E4DA', '6975A7E4', 'FD361BFE', 'BCBCAA5A', '5E7E245C', '941FDB78', 'F057D664', 'C83437BA']",141,unconfirmed
creature_236,"['x_126', 'y_43']",148,"['8C4CD510', '7B484FC8', 'B57263E0', 'F0944B4A', '8AC4B57B', '934BB554', 'A4F4F0BB', '7BFF9DD6', '1734A9DE', 'DE3CA2D6', '599DB2DB', '079F8773', 'AAFE6C1B', 'D80B5EAD', '7D89C1FF', '5119E38F', '250F852D', '3DACFC17', '5937DCD7', '0296E9E7', 'AF9DE748', 'FD206C13', '20119E63', 'D8ADC561']",141,unconfirmed
creature_237,"['x_127', 'y_111']",10,"['FC482779', '17D05BCA', '144186A8', '86A8CA62', 'AFC8990A', '8FB3621C', '11326FC2', '4AF931E4', 'DFFE7AFF', '9467EE5E', 'D3FCCF53', '04335DFF', 'C87160BF', '8D3F1E90', '50B233CA', '849DECE1', '5119E38F', '3E487975', 'A32A12FA', 'AAE0CA3B', '7C481479', '26A1D984', '3391CC69', '47FD1765']",141,unconfirmed
creature_238,"['x_97', 'y_127']",10,"['3AA76BE8', 'C12D2514', '5694F172', '4BF1C8FC', 'C79051E9', '1734A9DE', '8DABEE9C', '6CCE6BA1', '6C6C2343', '153B86F4', '93294268', '879F6E0A', '07806286', 'F4773178', 'D8ADC561', 'FC8BA1D7', '98931742', '2AB5CF86', 'D264F417', 'C0A9E202', 'B9B23B93', '2A86E375', '86A8CA62', '01EF82E7']",141,unconfirmed
creature_239,"['x_127', 'y_14']",10,"['F88452E9', '8293FD26', '61958534', 'F56FF5C2', '14AEE726', 'C6B24A19', 'D78E5D5A', '4BF1C8FC', '235102F6', '66664009', '1AA3CB4C', '237C6643', '909EFADD', 'AB88C43F', 'A8DB6051', 'C49A0D89', 'BFAB2DD7', 'CBED0331', '1FA91C19', 'F304F320', 'E50BD852', '878717B1', '88289015', '1B2CB6CB']",141,unconfirmed
creature_240,"['x_126', 'y_11']",10,"['814F120F', '81B553FF', '2290B606', 'DA7166EB', '667E281F', '5650A7DC', 'C7A6D29C', '5A0779D6', 'F14BD885', '827EB049', '87B52645', '99DF6FC8', '7D2EE53B', 'F368763A', '93FBF652', '95C50710', 'E44D0B8D', '73B4D129', '6AE16D63', 'ED3F601F', '4E2C9144', '8471D1B9', '8BFED1F9', '84C64AA3']",141,unconfirmed
creature_241,"['x_126', 'y_104']",10,"['84C64AA3', '6471828A', '6684F85C', '88BFDBFF', '9EC9085E', 'F9B40469', '1480468C', 'F126E60F', 'DC424390', '3D91E568', 'E273529C', 'B22B0BC9', '365E3CFA', '89A158AE', '4FDA2210', 'B8DFE120', 'ABD93AD0', '3E5E60D0', '3722B2D8', '2F858ECB', 'A2B9300F', '977450D5', '5320E806', '5B88F697']",141,unconfirmed
creature_242,"['x_126', 'y_35']",13,"['3601459F', '9B116DD9', '878717B1', 'C49A0D89', 'CC9D3266', 'C8019255', '944CDA3D', 'F00E521D', '66398E96', '1FA91C19', '518EFA39', 'F11C0458', '4BF1C8FC', '0AA933EE', '74A3EC5C', '5737895B', '88289015', 'C6B24A19', '2B6530D3', 'C4498D13', '125E8580', 'A4122050', '33C924EC', '27F68044']",141,unconfirmed
creature_243,"['x_125', 'y_41']",10,"['C773918D', 'ED9A0FBE', 'D9908E41', '7CF94ED4', '74EBC956', '7A409F04', '07F2A76F', 'DF81B217', 'D0090A92', '34DE2B96', '5D557B55', 'C9D9C821', '0E1C1C21', 'A16EC09C', 'CBDE245A', '29D9EFE5', 'D9994B68', 'D80B5EAD', '44D52617', 'B37579CC', '9BBC1823', '2D93C39E', '6ABC9AC0', '8BA57DEC']",141,unconfirmed
creature_244,"['x_17', 'y_0']",10,"['F75881CC', '24DA14C2', 'E6543E73', '429EC71A', '7C282119', 'AC0613F1', '8A74C793', '7D3D1E9A', '3C5EA438', '3CD7C694', '0FD33BCB', 'FF415CC0', '405C1A75', '822DEDA1', 'F82E1760', '1E3E1799', '5119E38F', '92BD58FE', '92D83242', '1ADFC2BE', 'FE5A2DC4', '1E77759E', 'CB3F51D2', 'F602E340']",141,unconfirmed
creature_245,"['x_124', 'y_13']",10,"['CB7A05A8', 'D3FCCF53', '7FE9B44D', 'BA6FFD6E', 'D001CD44', '7C481479', 'FA4C5F28', '50B233CA', '32212916', '31161C54', '1ADEDCCA', '8D3F1E80', 'C87160BF', '17D05BCA', '42A3ED44', '9FA20271', '1FA91C19', 'EF869617', 'D844C6BC', '9467EE5E', 'FC482779', '6E74E529', 'B896E1CB', '2711251F']",141,unconfirmed
creature_246,"['x_44', 'y_57']",128,"['1C501D6D', '0AAB4C29', '6EDB5E78', '374B601F', '1DBE18F7', '8E974473', '2E903A02', '61745238', '0791D65F', '8BFED1F9', '5F4B5C01', '3136A296', '3391CC69', 'D80B5EAD', 'A81EBC05', 'DF0959CA', 'D23A7A94', 'C7D85A43', 'C0FA2E55', '5587490E', '4232A15B', '5B6777B2', 'E44E2826', '641238A4']",141,unconfirmed
creature_247,"['x_127', 'y_98']",151,"['86A8CA62', 'C136CF69', 'A8DB6051', '4D40D49E', '6975A7E4', '7D92D0C1', '13D65B82', '0903D2DF', '04C11D57', 'D02C2623', '2852659C', '039FFB8D', '0791D65F', '14F5FA3D', 'F3E26DE2', 'DA55C90B', '19F1BD08', 'FFE6DB37', 'E3C4AFCD', '14E23C4D', '5320E806', 'EF869617', '0A698DAE', 'F64075D0']",141,unconfirmed
creature_248,"['x_28', 'y_127']",10,"['445643C1', '3A3E399A', 'D7F08943', '432CB6C1', 'AB86D095', '9B802410', '2B52EFA6', '4C20D03B', 'AA57BF2D', 'C53481DF', '2FFA05F0', 'B2A5E1E7', '735EEC52', '208A4EE3', '462D746C', '15483906', '2A083EEA', '68F518DE', '4E2C9144', 'F3299DA9', '5181FC56', '4ECCCE9C', '5694F372', 'CAC4658E']",141,unconfirmed
creature_249,"['x_127', 'y_69']",10,"['E1741238', 'BC1435F1', 'A1AD996E', '88A19BB6', 'EB51F268', '0AF749F7', 'EEF38937', '42A3ED44', '7CE04933', '6BB38916', '74A2F301', 'E8AA80EE', '8F493E0F', '840B76EC', '6AC54702', '6D3ADED3', '7222872D', 'FAC1D60C', 'A2887A94', '9FEAA8B0', '6252E8B8', 'BE73253A', '6B155125', 'F1974722']",141,unconfirmed
creature_250,"['x_127', 'y_79']",46,"['9223889B', '6D3ADED3', 'EE76713D', 'AE839F45', 'E2E56BDE', 'DB644252', '11326FC6', 'B22B2BC9', '79038BDD', '6CCE6BA1', 'B7931A86', 'E2E34162', 'FA323CBB', '614CC517', 'ED340226', '051A42CC', '42A3ED44', '8BFED1F9', '4CA85CC0', '7FC44353', '6B155125', 'E44D0B8D', '378FDB37', '1891C9E5']",141,unconfirmed
creature_251,"['x_53', 'y_45']",10,"['D9994B28', 'BAEF59D3', 'D9908E41', '162BCCC1', '3A2D3225', '86DCB83C', '75F943D9', '5ECC9C7B', 'D0DE0DAC', '49D37E56', '73204A58', 'CD60B0D1', '541EA716', '3F58BAEB', '9CBC7CDA', 'ED0A192B', '2D804356', '4E2D195F', 'C7D85A43', '6C8F7B2C', '8675CBD8', '41F759E6', '54378A0D', '27F68044']",141,unconfirmed
creature_252,"['x_127', 'y_9']",10,"['422A5ABD', 'A89FDE37', 'D9A09084', '8626508D', '28C33E44', '6E74E529', '804510D2', 'A32F80D2', 'C8926133', '6253830F', '1E77759E', 'D8C5033A', '110481C1', '681C0975', '681C0975', '96131718', '1E37C4CD', '690EE25F', 'A0B61F74', '19E4B665', '1A626680', '079F8773', '4AD40277', '051BFF9F']",141,unconfirmed
creature_253,"['x_121', 'y_46']",151,"['FDEB6F47', 'AE00F3D4', '41FAF1E7', 'D686EA91', 'A10FFB92', '6751513B', '34434173', '81A7B8C8', 'F58DD222', '2AFD9F92', 'CBD87889', '000442A8', '3391CC69', '27F68044', '2FFDDEF1', '326D944A', '533D49D4', '17E3FDE5', 'F057D664', '77466F31', 'E8F56E15', '5F5AC892', '068D7198', 'C773918D']",141,unconfirmed
creature_254,"['x_120', 'y_2']",10,"['0722F895', 'E59604D7', 'CD42F83E', '18140F4C', '7B484FC8', '9198C6FD', '4E2C9144', '325E28A6', 'CBED0331', '3904A07A', '039FFB9D', 'C6DF397B', 'E4788AF5', '7FE9B44D', '89A87203', '14418EA8', 'E8DBD749', '78461CDA', '7FE9B44D', '0A66CEA2', 'F88452E9', '8105CE43', '8AF0413E', 'AB93191F']",141,unconfirmed
creature_255,"['x_77', 'y_126']",120,"['D9994B28', 'AB942D6A', '51CE23E5', '8196A79D', '51FCAFB2', '3BBF0B3D', '0886991D', '9983BBDD', 'A7E7298B', '91E7F81B', '1F55365F', '00D551A8', 'C9F595BD', '88BB315A', 'AE54293E', '91E7F81B', '4E34999B', '6B34AF07', '19F1BD08', 'D1331700', '28AE9CC3', '048E9B45', 'BD2E87F2', 'ECB28096']",141,unconfirmed
creature_256,"['x_76', 'y_36']",12,"['59759CED', '57810B3A', '3EFD235D', '58C153C9', '64CAFCFB', 'A23ADD62', '93E4F770', '2D48E7A1', '6ABCDAC0', '4D617B8E', 'D460FF6A', '552E48B1', '2073EB87', '645ADD40', 'CD7B1A8C', '180D9C25', 'C05D8423', 'BE0A028D', '6FD8D63C', 'C12F2101', '613C730A', '584BCFEC', '6AFBDD8D', '6B969BEA']",141,unconfirmed
creature_257,"['x_127', 'y_56']",10,"['2723ACBE', '641238A4', '2D1A2430', '54A7A552', 'BB5CDBF3', 'ED0A192B', 'B32B491F', '1035B1DD', 'B2BEBB48', 'BC8D58C8', '55D97A5D', '5AD579B9', 'E11728AC', 'D1137C69', '59D10B69', 'A5A56EF5', '431A8883', '3391CC69', 'D5B07B81', '49D37E56', 'EDAD9501', '84FBB108', 'E1E39AD2', '73204A58']",141,unconfirmed
creature_258,"['x_124', 'y_62']",147,"['D264F417', 'ED8AFD45', '7581B2F5', '7DD0A4A5', 'A4683772', 'C8FDF0CC', '593C42C7', '1CDEA30D', '115A5136', '1CDEA30D', 'FE8735FB', '8293FD26', '3BFC8105', 'EBE5DB59', '7D89C1FF', 'CC9D3266', 'C8019255', 'ECB9DFD5', 'A769E83B', 'D7293B49', '120FEAF1', 'FF286C13', '25AF54BB', 'CB7A05A8']",141,unconfirmed
creature_259,"['x_126', 'y_22']",14,"['F357729A', '378FDB37', '41E772FD', 'A769E83B', '6B155125', 'AEDA56C2', '5FBCB101', '1EF3BE73', '97BCAD63', '1919814B', 'A3E82583', '909EFADD', 'E8AA80EE', '2873EB87', '74A2F301', '73466A6C', 'E8F56E15', 'D069B8E8', '1A9EC7AB', '9055E348', '9CAF32F1', '092CEEAB', '04EEB78F', 'A7F1681F']",141,unconfirmed
creature_260,"['x_106', 'y_0']",75,"['9593E722', 'B8945F6B', '3CD7C694', 'F602E340', '7D2EE53B', '0FD33BCB', 'E50BD852', 'FE5A2DC4', 'E6AF32DE', '4ACCCE9C', '8626508D', '771EE309', 'E8CBC0A0', 'F2F7AE45', '0DD52F9E', 'C19711A9', '6613D399', 'BE74445E', 'D8C5033A', 'BFAB2DD7', '7C282119', '7478F76D', 'E774C316', 'DDE68CD8']",141,unconfirmed
creature_261,"['x_127', 'y_96']",10,"['954DCE9B', 'EB61FB48', '3CEDA56E', 'A5A56EF5', 'DB7F23E0', 'C7045CF3', '9FBCF449', '0D72203A', '7490A18F', '34A4E789', '8646E449', 'A63B61A6', '6899064B', '41F759E6', '9EA996DE', '2D93C39A', 'E50BD852', '2A86E375', '5C68DB9E', '2711251F', '6C2337C2', '48AD1927', 'BB24D962', '20111E63']",141,unconfirmed
creature_262,"['x_127', 'y_62']",94,"['57810B3A', '6ABCDAC0', '59759CED', 'D3EB9CF4', '04A4CE51', '7A345A3E', '91442190', '599DB2DB', '4D617B8E', '14D9CA2D', '7E42C151', '326D944A', '110489C1', '6F49D767', '6AFBDD8D', 'BF26818A', 'B18C42A3', '52FD8383', '613C730A', 'F9B37898', '4980E4DA', '6712CFD6', '326D944A', '1351FE6C']",141,unconfirmed
creature_263,"['x_0', 'y_80']",10,"['41461196', '6B8CA017', 'D773DBD1', 'DB644252', '43D7522B', '150DDA1F', '115A5136', '6F210C11', '5571E820', '8C768528', '10E23C4D', '6D6F75DE', '45995B5A', '7FE9B44D', '06D8ED4D', '8C65FBDA', '6D6C4FF0', '433BE5FE', '953E2983', 'E260BBE5', '166FF6E8', 'ED105464', '26DBE057', '6E15D403']",141,unconfirmed
creature_264,"['x_85', 'y_127']",10,"['109DD74A', '86A8CA62', '109DD74A', '5571E820', '6D6F75DE', '41461196', '5937DCD7', '10E23C4D', 'C1368D52', '953E2983', '6C6C2343', 'DB644252', 'F47C421E', '8C768528', '3AA76BE9', '2E85945A', '87938DF7', 'D8ADC561', 'E18F8E6A', 'ED85A83D', '6E74E529', 'ED105464', 'D264F417', 'D80B5EAD']",141,unconfirmed
creature_265,"['x_34', 'y_70']",10,"['B4784CC4', 'F0B3CE49', '0DE097F4', 'D89720A4', '3759BF2F', 'C99C6892', 'B32B491F', '82F505C1', '4158779C', '8BA57DEC', 'B26EC4EA', '3AC2ECA5', '5A00730E', '6643770C', '0CFE3F10', '34B563D8', 'B32B491F', '0C455BFC', '5034A584', '475B0EBA', '8E974473', '0FF2A76F', 'ACE72768', '33854B85']",141,unconfirmed
creature_266,"['x_83', 'y_0']",10,"['5EF035F6', '1CDFCD62', '378FDB37', '54A7A552', '431A8883', '6D3ADED3', 'EDAD9501', '49D37E56', '3CB563D8', 'D31C5522', 'F47C421E', 'D5B07B81', '42A3ED44', 'CAC4658E', '092CEEAB', '64193186', 'A859CC09', '96F19224', 'E1E39AD2', '475B0EBA', '88A19BB6', 'B2BEBB48', 'BC1435F1', '653416C1']",141,unconfirmed
creature_267,"['x_127', 'y_11']",13,"['49AD6B31', '6C3B4726', 'F183DA52', '73B4D129', '023F80D8', '1750BAEE', '81B553FF', '86810A69', '5650A7DC', 'CEB8DF98', '27A0C5BB', '429EC71A', '2D0C06EA', '602D340D', '5977D0FD', '74021479', 'E6709FF6', '2290B606', '8CBA2C02', '986B4314', '27F68044', 'C7A6D29C', 'DD18B7EE', '4977AB44']",141,unconfirmed
creature_268,"['x_63', 'y_38']",10,"['FE3CA2D6', '0924EEAB', '1CDEA30D', '2E903A02', 'A8F25545', '9FA20271', '2C1DB166', 'C1A11CA0', 'AA95606D', '973BF6D8', '4BD3010E', '120FEAF1', '7C481479', 'CBD87889', '2711251F', '3391CC69', 'EF1781DC', 'EF869617', '7091E9C3', '804510D2', 'C166264C', 'F7B03AA1', '13A889EE', '2D04199F']",141,unconfirmed
creature_269,"['x_0', 'y_29']",10,"['145AEBCB', 'A58E988C', '9A0E465C', '0270FCFE', '0AB0F3BF', 'BDA2EAEB', '3BDE4114', '2A86E375', '614CC517', '15483906', '4914E1D1', 'D0995C4C', '5B85215F', '300E15EB', '6D6F75DE', '830408F5', '860ABE03', '8FD27760', '3C5EA438', '300F15AB', '05F1330D', '31E16182', '28DB632B', 'C713F456']",141,unconfirmed
creature_270,"['x_127', 'y_3']",10,"['8C65FBDA', 'E872E8E1', 'EE08052C', '0BB2C98B', '0AA6BEA9', 'E260BBE5', 'AE499FD4', '5759D496', '59BDFE8B', 'E27BE895', '9055E348', '6E15D403', '5491C36E', '8BA57DEC', 'BA9167C3', '74F84126', 'B13B88CD', 'E45D4EE7', 'ED9BAA32', 'FE5A2DC4', '999F0D4D', '2AE12C81', '9424BAE8', 'B32B491F']",141,unconfirmed
creature_271,"['x_45', 'y_55']",10,"['F512EFBF', 'CB7240BB', 'D85AFD35', 'AB88C43D', 'C3A5259D', '37DB886E', '14593C71', '7AE94A56', 'A200430B', 'ABA01DFD', '6325D3CE', 'D23A7A94', '78C5855C', 'D439EC51', '46DCFEEB', 'C58D7B6E', 'F7058FD6', '5EA131F5', 'F602E340', 'CF80E4A4', '9593E722', '9EC9085E', '0E8B13C1', 'B69FCB0C']",141,unconfirmed
creature_272,"['x_23', 'y_0']",30,"['8CBA2C02', '0903D2DF', 'AC0D47A3', '53F98507', 'D24B4D96', '77A16E85', 'A068431A', '20881DD3', 'C0D7F365', '8F79F160', '3F121B79', 'D844C6BC', 'E8AB80EE', 'FD9B0011', '69044DAD', '1112F005', '1FA91C19', 'C5A19A4D', '1ADFC2B6', '9CAF32F1', '11326FC6', '947B50CA', '2E6562C8', '6C7AB39A']",141,unconfirmed
creature_273,"['x_42', 'y_0']",19,"['C5DD59A2', '433BE5FE', 'CC19333A', '941FDB78', 'A9BC572A', '8270FCFE', 'F057D664', '954DDE9B', '1D225401', '1ADFC2B6', 'FD361BFE', '6774989A', 'D80B5EAD', 'ACE72F68', 'E11738AC', 'B260291D', 'E79EBA23', '01420254', '55FD81BD', '14E23C4D', '8AF19A30', 'BCBCAA5A', 'C83437BA', 'F2ABF750']",141,unconfirmed
creature_274,"['x_126', 'y_95']",10,"['B2BEBB48', '80027FE2', '04EEB78F', '8671D1B9', 'D5B07B81', '477E7899', 'ED0A192B', '293FD127', '54A7A552', '15049A7A', 'BB5CDBF3', '73204A58', 'AF150266', '1065BA5B', '431A8883', '59D10B69', 'E67392FA', '973BF6D0', '2D1A2430', '3AEE7609', '3CB563D8', '5AD579B9', 'B0894724', '3759BF2F']",141,unconfirmed
creature_275,"['x_96', 'y_0']",10,"['0B0754F1', '08B1B65F', '48AD5927', '3F103104', 'E09DD410', '9689CC28', '758663BD', '2B76AB12', '56B1D2B5', 'C4498D13', '68461A88', 'EAFB6CA4', 'EA1231BC', '752AC979', '9EAB96DE', '66404E03', 'B9A96693', 'A4894B78', '3391CC69', '6712CFD6', '8004A15B', 'A476F1C2', '4A2E41A8', '9CCBACB3']",141,unconfirmed
creature_276,"['x_125', 'y_95']",10,"['F2F7AE45', 'C8019255', '125C2F71', '6CD9E88E', '7A345A3E', '583F2524', '5C1D486C', '00D68140', 'FC4A9676', 'CC9D3266', '02A74ECB', '8293FD26', '21DC51E3', '8828B015', '34434173', 'D7293B49', 'B4230547', '6253838F', 'C53A1A54', '3298B2DD', 'A56C4639', 'D602C650', '593C42C7', '3A7C3DDE']",141,unconfirmed
creature_277,"['x_126', 'y_1']",10,"['CD54AC5A', '65AD6F88', '1A9EC5AB', 'BCE8072D', 'CEDFD3C4', 'A4C2BCCE', '0B9438B7', '44A38608', '4E93D17E', '8BDED9F9', '878F17B1', '6AA28838', 'C0B2134F', '673CB9AF', '22C0615B', 'C4810BC6', '37A2D4DB', 'EB083213', '6B155125', '1FA91C19', 'A44C2B2D', '9C2418D3', '89BC2044', 'D739E5EC']",141,unconfirmed
creature_278,"['x_127', 'y_99']",10,"['B16FD081', 'EA36B7BA', '9055E348', '8AC36B16', '6B155125', '09594046', '5455E9AB', 'CCEA56E6', '107BD50B', '8541C582', '380F57F3', '27A0F613', '9EA996DE', '7F5B3324', '4040A751', '5119E38F', 'A8DB6051', '8C9B8F98', 'E40251E2', 'EF1781FC', '9D9BA3E7', 'F77A2EF6', 'A4894B78', 'FDEB6F47']",141,unconfirmed
creature_279,"['x_88', 'y_0']",10,"['34DFA7C6', '04C11D57', '66398E96', 'A3818D72', '2C1B7681', '51863268', '5C3D487A', '9D413250', 'ECA9C031', 'CFD87889', 'FAA3A6F7', '83EC030B', '0903D2DF', '4CAD5927', '88BFDBFE', 'EE99F48E', '0971F9BB', '758663BD', 'F92C6DBD', 'D646F348', '74E08B75', 'DDD09CB6', 'B32B491F', 'A476F1C2']",141,unconfirmed
creature_280,"['x_127', 'y_50']",10,"['9EA996DE', '67840244', 'FDF3322B', 'FE5A2DC4', 'BA9167C3', '88C93124', '82F505C5', '17B2DAD9', '959775DA', 'A8DB6051', 'A8650ADE', 'A0B241FA', '9CD51A01', '26A1D984', '8BA57DEC', 'A90AD1FF', '5759D496', '4BD3010E', '24DA34C2', '74F84126', 'E27BE895', '599DB2DB', '150DDA1F', '26540BE2']",141,unconfirmed
creature_281,"['x_87', 'y_0']",10,"['6252E8B8', '67844244', 'CEBB55A2', 'B9A96693', 'EE3E339C', '763B6941', '68461A88', '6E5D830C', '226AF19E', '2582CC05', '8828B015', 'F993F147', 'F5D1E39C', '56B1D2B5', '8F95DDCA', '6573DFBC', '2BEFC793', 'EAFB6CA4', 'E09DDC10', '0C9F0199', '2B76AB12', '5BAB5C48', 'DB7F23E1', '1CDFCD62']",141,unconfirmed
creature_282,"['x_127', 'y_48']",146,"['2FFDDEF1', '3A2D3225', '3F58BAEB', 'B37579CC', '86DCB83C', 'B435E451', 'D0DE0DAC', 'BDF0FB4D', 'D7BDCB97', 'F9F30AEC', 'E8F56E15', '5B65F89D', 'D9908E41', '3C5EA438', 'A4122050', '7490A18F', 'AC2150C5', '883B44F2', 'A2B61F74', 'D9994B28', 'E1745238', '9198C6BD', 'F126E60F', '4E2D195F']",141,unconfirmed
creature_283,"['x_126', 'y_87']",62,"['4F4C567E', 'F5F309F4', '4BF1C8FC', '5406800F', 'E7AE8BE1', 'D31C5522', '378FDB3F', '648A8514', '26A1D984', '9F6AA018', 'F47C421E', '671FFE32', 'DD3DD66E', '039FFB9D', 'D844C6BC', '6AFBFD8D', '8AA2D7D7', 'F0816C2D', '13E01BAF', 'AE54293E', 'E313AA8F', '217F434D', '844D2AF3', '5CB5F845']",141,unconfirmed
creature_284,"['x_127', 'y_93']",10,"['5B6777B2', 'F4245779', 'F9A8EBAA', '42A3ED44', 'AD30F860', '6712CFD6', '5455E9AB', '3952E9C1', '566A6EA8', 'E4805078', '96E0A3D4', 'EE3E339C', 'DF1C0F15', '4CA6E8AE', '0B3273D5', '4C25109A', '4E75E747', '3A799789', '8F2A7C1D', '00D551A8', '552E48B1', 'E260BBE5', '84008E35', '793D62FA']",141,unconfirmed
creature_285,"['x_126', 'y_76']",10,"['D142C115', 'E3382977', 'F0944B4A', '0E9864CE', '1AA3CB4C', '9043C05C', '681C0975', 'A44C2B2D', '2C1B7281', 'D73109C3', '77CABF6A', '116C1344', '07C32B00', 'CFD87889', 'FD8EDA7D', '763B6941', 'C99C6892', 'E665C1BE', 'D0DE0DAC', '79580C58', 'D435EA35', '9C396D67', '5B302EAA', '67844244']",141,unconfirmed
creature_286,"['x_126', 'y_97']",10,"['0AA6BEA9', '84986253', 'A06EC09C', 'A8E030EB', '1BADAE92', '87B52645', '959775DA', 'C53A1A54', 'BE0A028D', '90174874', 'B16F5081', 'CC40D33F', '63BF2BB7', '88BFDBFF', 'D62F1DF9', '028D18B7', 'FE05DD59', 'F993C448', '76E3902E', '8293FD26', '8C19F396', 'ECF56E15', '87F09778', '27A0C5BB']",141,unconfirmed
creature_287,"['x_90', 'y_97']",103,"['1CDFCD62', 'A2887A94', '00D551A8', '88BB315A', 'DABBDB0E', '216A3036', '6A50959E', '51CE23E5', '5B7452C1', 'C9F595BD', 'F9937147', '763B6941', '4CF8EF8C', '89F5777B', '88A19BB6', '7222872D', '4CA6E8AE', 'BD2E87F2', '5119E38F', 'D59F39B6', '91E7F81B', 'D1331700', '8828B015', '8196A79D']",141,unconfirmed
creature_288,"['x_114', 'y_30']",10,"['F5543902', 'BA9CDAF4', 'C02D778D', '388F5F5C', '506DA9C2', 'EB61FB48', '4980E4DA', '76A63C2C', '4925316A', '35F47DEE', '72E63E0C', '9AE2E2BE', '14B7D383', '68811C05', 'F9B40469', '8646E449', 'D09F4E14', 'C61BAE83', 'EB97C6A0', '8645E7D9', '78B7E9CC', 'EA7599DA', 'DE45D98D', 'CBDEA45A']",141,unconfirmed
creature_289,"['x_126', 'y_7']",46,"['3136A296', '250F852D', '6775B2DB', 'ECA5C4F8', 'CC5C0AA9', '2EE562C8', '34FCC816', '71802F67', '7FE9B46D', 'AF9DE748', '5B6777B2', '07379432', '92BEF07B', '0582F7F8', 'A2A03215', 'E6D9270A', '5A9CF066', 'F0341F5C', '6ABCDAC0', '5695FFAB', '5202FA6C', '4CE6DE41', '62D3B362', 'D739E5EC']",141,unconfirmed
creature_290,"['x_69', 'y_0']",10,"['0E8B13C1', '5A9CF066', '9A0E465C', '704246F1', '144186A8', '93AEDF3C', '790CE01F', '0E4B7DDD', '8BF959BB', '445643C1', '366629E0', '042109FA', '545569A9', 'BAAB0722', '93E4F770', '54B41E3B', '74A3CC5C', '7D89C1FF', '78C5855C', '6712CFD6', '7B484FC8', '6EDB5E78', 'EC5A3802', 'EA1231BC']",141,unconfirmed
creature_291,"['x_127', 'y_12']",10,"['A90AD1FF', '8471D1B9', '82F505C5', '5AAEC8A4', 'EF1781FC', 'FDF3322B', '15049A7A', 'AAFE6C13', 'FE8735EB', 'AF150266', '26540BE2', '67840244', '1606B96E', '973AF6D0', '2A36624F', '54A7A552', '3AEE7609', 'AF9DE748', '26A1D984', '599DB2DB', '92B373BC', 'CD8AFD45', 'A73FECF8', 'A7605E29']",141,unconfirmed
creature_292,"['x_126', 'y_60']",10,"['91D95D2F', '878F17B1', '6AEC169A', 'EFC98E3C', 'E77F7C18', '5119E38F', 'D627E6A2', '1A18D099', '243406F4', '6C6C2343', '673CB9AF', 'EF1781FC', '27A0C5BB', '7E4D1789', '065C546E', '840B76EC', '4E93D17E', 'A200530B', '8F493E0F', 'EB100B9D', '080D0569', 'E0A04B81', '25C31FED', '1A626680']",141,unconfirmed
creature_293,"['x_54', 'y_82']",10,"['6C4C4AEB', '58AEC8A4', '95BA561A', '26AAFB77', '68811C05', 'BB3BA03B', '5615A924', '9732022D', 'A0B241FA', '5634F226', '391BFA47', '93290F16', 'D04F4167', '5491C36E', '9E74445E', 'A0B241FA', 'F1ECD5A7', '26448BF2', '61BE4449', '023F80D8', '8AE1D78A', 'FDF3322B', '2A083EEA', '929B96D0']",141,unconfirmed
creature_294,"['x_126', 'y_96']",10,"['DBBCD2C4', 'E774C316', 'FAA3A6F7', 'E260BBF5', '5E6331C5', '300F15AB', '0E8C422B', 'B63CC65D', '482AC6DB', 'E6AF32DE', 'EC812CC6', '79038BDD', '4232A15B', '68B467BD', '0E8C422B', '8C744255', '2B8ED0C5', '69DA8244', '0A09F078', '960B7C49', '90174874', '7BA0EA74', '84986253', '644C79A2']",141,unconfirmed
creature_295,"['x_126', 'y_54']",26,"['2A0836EA', '59DAFA88', '23FCEEB7', '3136A296', '1C032B8B', 'F0944B4A', '1AA3CB4C', 'FF36E435', 'ED340226', '91BDCCF3', 'AF9DE748', 'AEFE6C13', '04335DFF', '5C08E6F4', 'EF61C0D6', 'D993BD8A', '5119E38F', '5650B7DC', '89A87203', '2E6562C8', 'B8DFE120', 'A317CB15', '6A33C80D', 'CB7A05A8']",141,unconfirmed
creature_296,"['x_29', 'y_127']",10,"['1689CC28', 'D0FDB465', '452D9886', '73D1F6FE', '232DC21E', '7B461EAC', '903CFA13', '7222872D', 'CC9D3266', '9689CC38', '9DC07A63', '422A5ABD', '11EE6A66', 'CF496A77', 'C66881DB', 'C19711A9', '423A5ABD', '3F88F49A', '5977D0FD', '74EBC956', 'C335B0AD', '0B2E09C3', 'B5C930BE', 'AD30F060']",141,unconfirmed
creature_297,"['x_104', 'y_127']",10,"['6C99E3D0', 'D30AB1E7', 'ED2A192B', '7490A18F', '64193186', '49D37E56', 'CAC4658E', '558EEDAE', '2D1A2430', '6CCE6BA1', 'B0894724', '237C6643', 'AB942D6A', 'B2BEBB48', '59D10B69', '2D93C39E', 'C02D778D', '477E7899', 'EDAD9501', 'A29CD422', '07D70FF5', 'E1E39AD2', 'E273529C', '5AD579B9']",141,unconfirmed
creature_298,"['x_79', 'y_45']",10,"['B2364E77', 'F4773178', '07806286', 'D80B5EAD', '8DABEE9C', '5937DCD7', '4AA1B5BF', 'D264F417', '98931742', '5694F172', 'C7108CA4', 'CC4CFD33', '1DBE18F7', '8FEAA9B0', 'C0FA2E55', '01EF82E7', '74EDF235', '5E3DFB35', '3F38C6A2', 'AA57BF2D', '1734A9DE', 'F501A344', '6C6C2343', '051BFF9F']",141,unconfirmed
creature_299,"['x_45', 'y_43']",10,"['33854B85', 'E7A20C37', 'BCF83E80', '3C5EA438', '4556C53B', 'BC91F706', 'A8DB6051', 'B94F5E9E', '7730FA0B', 'B1475B53', 'A92524AA', '55BD4F75', '020FBD64', '3722B2D8', 'EF72E06B', 'F0772521', '28AE838C', 'A16EC09C', 'D7293B49', '9CE74DF6', 'CC40D33F', '2D678475', '21DC51E3', 'E872E8E1']",141,unconfirmed
creature_300,"['x_67', 'y_77']",10,"['82971A6A', '75F943D9', 'DFD9C938', 'D9A09084', '8F31FEE5', 'C4810BC6', 'C5A19A4D', '20881DD3', '2384A6EC', 'D5DE6459', 'FE01D6C8', '8471D1B9', 'D24B4D96', '1E5C57A3', 'A068431A', '1FA91C19', '27F68044', '400BCF41', 'C097F365', 'ED8AFD45', 'FAA3A6F7', '6AA28838', '01EFA2E7', '8DDA5C7A']",141,unconfirmed
creature_301,"['x_71', 'y_2']",15,"['1EAB2AB3', '231B4B49', 'C167264C', '26A1D984', '3BFA8611', 'AFDDE562', 'A58E988C', 'E3C4AFCD', '4AA1B5BF', '5DBE7D4C', 'A4894B78', '09594046', '4914F1D1', '7D4ACB20', 'ED34DC2D', '31E16182', '4EE18C9A', 'D0995C4C', '28DB632B', '86BB8FC0', 'F14BD885', '300F15AB', '744690EC', '8FD2F760']",141,unconfirmed
creature_302,"['x_121', 'y_1']",10,"['C7A6D29C', 'CBDE245A', 'D59F39B6', 'E7B4BFB3', 'DB644252', '0D2D2ED7', '8828B015', 'F88452E9', '61958534', '657C8442', '9A0E465C', '968D07C2', '5650A7DC', '13BD67D3', '55D946FC', '32212916', '13C42131', 'B7BA8CEA', '293FD127', 'D9DCEAF1', '909EFADD', '5BA13533', 'B0782CC6', '8218212C']",141,unconfirmed
creature_303,"['x_127', 'y_73']",10,"['19478D5A', '01EBC811', '1F1723B4', '5C1D486C', '5491C36E', 'A4122050', 'C8B437BA', 'ED9BAA32', 'D460FF6A', '1A929FD0', '672B31B5', '45995B5A', '7C0048F3', '903CFA13', 'C919D2EE', 'DB7F23E1', 'ABB230CF', '753D1E9A', '40CA9B55', 'E50BD052', '6774989A', '4223ED44', '0AEEC4BC', '422A5ABD']",141,unconfirmed
creature_304,"['x_125', 'y_46']",10,"['F1974722', '04335DFF', 'D5B07B81', '2A083EEA', 'E905E5F9', '6AC54702', 'AA352DD3', '8360B4B5', '8AA55F2F', '020FBD60', '4A2D655A', '2013B824', '68F518DE', '59DAFA88', 'C9D9C821', 'CBC156FB', '9A0E465C', '21C2797F', 'B36783F8', '9E108FFA', 'C119D2EE', '3BDE4114', '2C1B7281', 'A7F1681F']",141,unconfirmed
creature_305,"['x_126', 'y_18']",33,"['9055E348', '37A2D4DB', '7B484FC8', '26A1D984', 'BCF84E1D', 'D7293B49', '99DF6FC8', '90F33B54', '5119E38F', '0C9F0199', 'C4810BC6', 'E50BD852', '8CD99024', 'B2A5E1E7', '65AD6F88', '3925F231', 'FC398EA2', '2F1A00B4', '93E4F770', '7D89C1FF', '6B155125', '320CD249', 'DE3CA2D6', '75427CAA']",141,unconfirmed
creature_306,"['x_125', 'y_57']",60,"['250F852D', 'E77F7C18', '7FE9B46D', 'D739E5EC', '855B953D', '3BFC8105', '3904A07A', '0582F7D8', '4CE6DE41', '7C4048F3', '5E6331C5', 'AF9DE748', '71802F67', 'FB01CFD4', 'D001CD44', '5695FFAB', '78C9C10F', '27A0F613', '2D04199F', 'B6F86F69', '86A8CA62', 'B57263E0', 'F07FE48F', 'CC9D3266']",141,unconfirmed
creature_307,"['x_1', 'y_1']",10,"['AC2150C5', 'B896E1CB', '1A7B5DCF', 'DF1C0F15', '44A38408', '5202FA6C', '60FC1CBF', '07379472', '8AC36B16', 'C3CFC63A', '0DC0B808', 'D09F4E34', '1A853A4E', '3E904DF4', '552B00BB', '4087CE69', '690EE25F', '54AA121A', '7C2EB640', '1112F005', '241183F1', 'A74D4474', '92A5CEC5', '41DEA037']",141,unconfirmed
creature_308,"['x_118', 'y_121']",27,"['B65F79EF', '49C75DEC', '7F71610A', 'B683ADCA', '887160BF', 'D8C5033A', '1ADEDCCA', 'C7F926FE', '7DD0A4A5', 'FA4C5F28', '946E73D7', 'F7058FD6', 'EC3F215C', '8BFED9F9', '93294268', 'FF26818A', 'D9A09084', 'C66881DB', 'C19711B9', 'DABB4D38', 'C65CB76F', '326D944A', '54378A0D', '878F17B1']",141,unconfirmed
creature_309,"['x_127', 'y_18']",54,"['61948534', '547AE434', '9983BBDD', '4461505C', 'D216978A', 'F0F68DC7', '802FCD91', 'F4245779', 'F88452E9', 'B8D46A64', '26A1D984', '93B807E1', 'ED1BAA32', 'ECB2DE99', '04C11D57', 'C49A0D89', 'D152398C', '5B6777B2', 'ECA5C4F8', '2F38C6A2', 'DD3DD66E', 'D84923B4', '8828B015', '0DE093F4']",141,unconfirmed
creature_310,"['x_127', 'y_23']",10,"['793D60FA', '5320E806', '98EF11D6', '1AA3CB4C', '953E2983', '24DA34C2', '5694F172', 'AB4533A4', 'ED105464', '88A99BB6', '887160BF', '8A8F7722', '50B233C2', 'FE5A2DC4', 'E18F8E6A', '4339E5FE', '18888C52', '802E0D37', '66C45409', '020FBD60', '475379E6', '6A50959E', '109DD74A', 'F90FE80F']",141,unconfirmed
creature_311,"['x_99', 'y_76']",10,"['1035B1DD', '86D61BCC', '98A43E18', 'EF372EEC', '5B65F89D', '0F02F7CD', '9BBDD6F9', 'B7A6946B', '476CAF15', '4E92DDA5', '01420254', 'C6CFB8A3', 'B260291D', '759FCBFD', 'C3024C28', 'E7D709A6', '2B8ED0C5', '7BA0EA74', '20111E63', '150DDA1F', '75E022C2', 'FC54FEB9', 'CEB2593B', '1CDEA30D']",141,unconfirmed
creature_312,"['x_127', 'y_108']",10,"['892EC5B9', '3A3E399A', '6F0486C9', '43D7522B', 'FED409DB', 'CE7B08FE', '74EDF235', '0E8C422B', '735EEC52', '4D40C49E', 'E50BD852', '941FDB78', '5181FC56', '5694F172', '17F2DAD9', 'AA57BF2D', '6899064B', 'ECB28096', 'BCBCAA5A', 'E79EBA23', '208A4EE3', '07D70FFD', '2CCC16B1', 'F057D664']",141,unconfirmed
creature_313,"['x_9', 'y_88']",10,"['ED9BAA32', 'E8AB80EE', '14A748B8', 'E59604D7', '5CDB2C6B', '6CCE6BA1', '15483906', '644C79A2', '66664009', 'C0D7F365', 'C5A19A4D', '4232A15B', '5F4B5C01', 'FD9B0011', '107BD10B', '4BF1C8FC', 'F56FF5C2', '3F38C6A2', '2A083EEA', '90A9F528', 'F0816C2D', '9CAF32F1', 'E77F7C18', '5991DD5C']",141,unconfirmed
creature_314,"['x_82', 'y_1']",10,"['07806286', '4A12668C', '2AB5CF86', '49D37E56', 'ED0A192B', '8DDF9597', '8C666E33', '75F943D9', 'CD8AFD45', '664CEDD2', 'A4683772', '8FEAA9B0', 'A49CE776', '93294268', '293FD127', '477E7899', '1E501D6D', '804510D2', '5ECC9C7B', 'FD1E31D0', '1972D07D', '8471D1B9', '7C332ED6', '2D804356']",141,unconfirmed
creature_315,"['x_84', 'y_127']",45,"['1291F3BA', '9AE2E2BE', '6F210C11', 'B37579CC', '6E15D403', '72E63E0C', '4980E4DA', '9457835C', '999F0D4D', 'DBC3B981', 'CEB2593B', 'A4894B78', '1F5723B4', '230F8C2F', 'D773DB91', '0EB861D8', '7BFF9DF6', '42B11193', 'F5543902', '9B325F18', '4A181C6C', '3BFA8611', '4980E4DA', 'C61BAE83']",141,unconfirmed
creature_316,"['x_107', 'y_69']",13,"['67844244', '092CEEAB', '98AD0D5C', 'A7F1681F', 'BAAB0722', 'AEDA56C2', '840F5FE3', '1D7ED430', 'F357729A', 'E8AA80EE', '3391CC69', 'A8650ADE', 'BE8E3E3C', '04335DFF', '8EF4E6A1', '5558CD22', '3E487975', '4366961D', '3AA71704', '96F87370', '4E2C9146', '1919814B', '849DECE1', 'EC5A3802']",141,unconfirmed
creature_317,"['x_126', 'y_48']",10,"['E4527424', 'E6AF32DE', '31161C54', 'BDA554F8', '7B0E79E6', '4FDA2210', '301A236D', '1FAC0DA8', '35F84A3F', '7C4C1479', 'D62F1DF9', 'B79C6CBC', 'EA773D84', '2D04199F', 'EF869617', '69DA8244', '771EE309', '3D91E568', '65022D35', '2C0FEFA8', '2711251F', '5A0779F6', '231B4B49', '600D340D']",141,unconfirmed
creature_318,"['x_28', 'y_6']",130,"['D646D308', '7D6BE2BE', '3E3FB417', '1E37C4CD', '9EE5661E', '1A626680', 'B435E451', '88A99BB6', '9144E975', 'AB4533A4', '35231D13', 'EBFF52F0', '3759BF2B', 'A63B61A6', '552E48B1', '24D09081', 'EA1231BC', 'BDF95636', '11D86E6A', '48AD5927', '11D86E6A', '9828C177', '84008E35', 'C2E53196']",141,unconfirmed
creature_319,"['x_127', 'y_126']",10,"['A2B9300F', '6C7AB39A', 'D85AFD35', '1F8ECBC7', 'D646D308', 'A7605E29', 'B65F79ED', '11D86E6A', '0791D65F', 'A8DB6051', 'CD6D73B6', 'AC10B87E', 'C79051E9', 'FC8BA1D7', 'EE99F48E', '14D9CA2D', 'A8DB6051', '9AC27DD0', 'A63B61A6', '116FE1F3', '4F0A2E57', 'E8AA80EE', '467BE05E', '5ADDC795']",141,unconfirmed
creature_320,"['x_126', 'y_99']",10,"['0E8C422B', 'F0B3CE49', '8E142815', 'E6D9270A', '5034A584', 'F87ED0BD', 'E11738AC', 'C99C6892', '29D9EFE5', '5B6775B2', '20111E63', '8646E449', '287B3A44', 'F43A2E59', '2839C44E', '52968D61', '4232A15B', 'CB7A05A8', 'E50BD852', 'F0B11169', '475B0EBA', '69DA8244', '6643770C', '96037C49']",141,unconfirmed
creature_321,"['x_94', 'y_0']",15,"['9983BBDD', '4977AB44', '8F493E0F', 'B435E451', '26A1D984', '65022D35', '0E9864CE', '6CD9E88E', '0DE097F4', 'B8D46A64', '0296E9E7', 'F9A8EBAA', '08D68140', '88BB315A', '3391CC69', '41FAD1E7', 'ECA5C4F8', 'FA6E61A5', '547AE424', '07291299', '96E0A3D4', '6B4D1DA8', 'B41916EB', 'F7A03AA1']",141,unconfirmed
creature_322,"['x_126', 'y_49']",55,"['1A18D099', '0296E9E5', 'CBA49281', '6EF16222', '27A0C5BB', '766EE868', '9FF0BD47', 'DD61E36E', 'F1ECD5A7', '72E63E0C', '98517A05', 'B4B77DB6', '68F518DE', 'E5576200', 'D84923B4', '1112F005', 'F304F310', 'DAB61181', 'A7F1681F', 'F2F7AE45', 'AAE0CA3B', 'E1A9DE83', '0FD33BCB', 'F602E340']",141,unconfirmed
creature_323,"['x_120', 'y_127']",10,"['91D95D2F', '9916A5D3', '84C64AA3', '52E8E28C', '849DECE1', 'DFC9CB15', '0AA6174A', '3E487975', '9424BAE8', '46DCFEEB', '3A192578', '26A1D984', '30A575B4', '0296E9E7', 'AB801DFD', '6EDB5E78', '3759BF2F', '8BF959BB', 'A863739B', '9CD51A01', 'E27BE895', '8BF6D498', '144186A8', 'EC5A3802']",141,unconfirmed
creature_324,"['x_126', 'y_50']",106,"['4EE18C9A', 'EFC83432', '3391CC69', 'EB97C6A0', 'AD30F860', 'B688211F', 'F057D664', '8004A15B', '61BE4459', '2FFDDEF1', '58AEC8A4', 'EF1781FC', 'A8083458', '4F56DF94', '133D49D4', '3F58BAEB', '6751513B', '22C52F43', 'AF150266', 'FDEB6F47', '0791D65F', 'E8F56E15', '26A1D984', '8C4951D6']",141,unconfirmed
creature_325,"['x_116', 'y_7']",10,"['1919814B', 'FAC1D60C', '3A2D3225', 'AD30F860', '7D3562EF', '4232A15B', 'FAA3A6F7', '840F5FE3', '27F68044', 'E8F56E15', '4F56DF94', '52876F25', '24D234C2', '3391CC69', '4FDA2210', '3D0FD67C', 'C6CB42CB', 'FDEB6F47', '34434173', 'C0FA2E55', '8270FCFE', '77466F31', 'F9A6D32E', 'AE00F3D4']",141,unconfirmed
creature_326,"['x_38', 'y_0']",14,"['9FA20271', 'AD30F060', 'FC482779', 'DFFE7AFF', '285CF92F', 'F1ECD5A7', '6E74E529', '2711251F', 'C87160BF', '9467EE5E', 'FA4C5F28', '9689CC38', '51CD4957', '8646E449', 'CEB1657F', '11326FC2', '0B2E09C3', '73204A58', '8FB3621C', '422A5ABD', 'FD8DD222', '31161C54', 'B5C930BE', '8D3F1E80']",141,unconfirmed
creature_327,"['x_127', 'y_76']",10,"['E8CBC0A0', 'B415E451', '08C27AC9', 'C5DD8873', '58AEC8A4', '758663BD', '7D92D2C1', '6712CFD6', '4E93D17E', 'F8214535', '93290F16', '9652EDD9', '173A2B8F', '54A7A552', '2A86E375', 'A153AFFC', 'CC5C0AA9', 'E6543A73', '125E8780', '51682A4C', '28AE9CC3', '4EEFC7D8', 'D667E6A2', '58412CDC']",141,unconfirmed
creature_328,"['x_84', 'y_3']",91,"['039FFB9C', 'BB3BA03B', '54378A09', '5634F226', '82F505C5', 'F0772521', '24DA34C2', '59D2FA88', 'B7A6946B', 'C8D12D0A', '6FB4374F', '1C032B8B', '6E3CEC1B', '4F47375A', '1E0C92E2', '27A0F612', '2DD23FC7', '6D6F75D6', '8217DCF9', 'F1BD32D7', 'EB083213', 'A23ADD62', '552E48B1', '3AD4047D']",141,unconfirmed
creature_329,"['x_100', 'y_69']",15,"['CC19333A', '6F0486C9', 'E50BD852', 'ECB28096', '55FD81BD', '74EDF235', '941FDB78', 'B752298E', 'C00FB9AD', '867BA1E7', 'D02C2623', '1E9D954B', '973BF6D0', '2294B606', '0BCDA946', 'E79EBA23', 'F1ECD5A7', 'C6CDA561', '29E27C4C', '9689CC38', '11A888C5', '43D7522B', '93BDDDC6', 'DC1DA595']",141,unconfirmed
creature_330,"['x_126', 'y_74']",10,"['4BF1C8FC', '8471D1B9', 'B56E46B0', 'EAAAF334', '32212916', '814F120F', 'ED3F601F', 'F704F320', '8218212D', '657C8442', 'B7BA8CEA', '387C0BE1', '93FAF652', '1C501D6D', '8828B015', 'E67392FA', '293FD127', '5181FC56', '125E8580', '61958534', '7D2EE53B', '27A0F613', '34434173', 'F88452E9']",141,unconfirmed
creature_331,"['x_36', 'y_34']",107,"['1BADAE92', '9280192E', '2DD23FC7', 'F23B3C5B', '110481C1', '8BFED9F9', '4366961D', '311A236D', 'A25FDBDD', '7490A18F', '566AB931', '8CD99024', 'B09790A7', '71AB1182', '6B155125', '29E42DFD', 'FF26818A', 'B622706B', '363E48D8', '41FAD1E7', '0AA933EE', '25DC8513', '7C891F69', 'F368763A']",141,unconfirmed
creature_332,"['x_1', 'y_122']",10,"['E21ACA21', 'BE8B3E3C', '0A449CDA', 'F82E1760', 'E872E8E1', '4F4B30BD', '1480468C', 'E45D4EE7', '5376115C', '6E15D403', 'FB7D1623', '4453FD4C', '423A5ABD', 'F53450E1', '8C65FBDA', 'C1368D52', '9055E348', '599DB2DB', '00D68140', '999F0D4D', '5C08E6F4', '9D179F8B', '5320E806', 'EF56694B']",141,unconfirmed
creature_333,"['x_127', 'y_68']",10,"['6573DFAC', 'E6AF32DE', '8E744255', 'B63CC65D', '6B8CB017', 'DDD09CB6', 'BDF0FB4D', 'EC812CC6', '79038BDD', 'BABC4BE5', '999F0D4D', 'C66881DB', '226AF19E', 'E774C316', 'E260BBF5', '148EED11', 'A2887A94', 'E1745238', 'A08F07B8', '338D4B85', 'ED9BAB32', '6751513B', '7F2F1403', 'B435E451']",141,unconfirmed
creature_334,"['x_124', 'y_58']",10,"['7F71610A', 'C66881DB', 'D0090A92', '26EDEB76', '9BBC1823', '6ABC9AC0', '7730F20B', '0266C359', '4E2D195F', '177774A4', '89B9ACB0', '8A7AD520', 'D9908E41', '1A0923C4', '2D3F1EC2', 'F602A340', '8217DCF9', 'EE19E7B5', '28AE9CC3', 'DF81B217', '2D93C39E', '11D86E6A', '74EBC956', 'E8CBC0A0']",141,unconfirmed
creature_335,"['x_87', 'y_55']",10,"['075C546E', 'B7931A86', 'B22B2BC9', '8BFED1F9', '90F33B54', '6B155125', 'E2E34162', '7FC44353', '6A33C80D', 'E2E56BDE', 'DDADF083', '293FD127', '29C27C4C', '051A42CC', '6ABCDAC0', '7ED7C55C', 'ED340226', '378FDB37', '5DEADD67', '7D2EE53B', '74A2F301', 'AE839F45', '460212A7', 'C5DD8873']",141,unconfirmed
creature_336,"['x_87', 'y_17']",10,"['F20E521D', 'A37D735A', 'FE7E4720', '1CAC7D7E', 'F7960351', '9FA20271', '1AA3CB4C', '4281F679', '2D04199F', '16B7C7B6', '0BCDB946', 'FE8735FB', '2711251F', '31161C54', '116FE1F3', '86A8CA62', '5202EA6C', '251E8A33', 'E8B778BC', '51A81DB7', '856E5C17', 'FC482779', 'DAB002D3', '9467EE5E']",141,unconfirmed
creature_337,"['x_125', 'y_38']",10,"['A4894B78', '8541C582', 'CBA49281', '840F5FE3', 'F183DA52', '144186A8', 'CEB8DF98', '1677CFED', '86810B69', '5A9CF066', '429EC71A', '3AD52A5B', 'DD18B7EE', '986B4314', '8218212C', '78C9C10F', '4F93BBA3', '2F9A9BDA', '0AF0522C', '3C5EA438', 'B75353DC', 'B57263E0', '271ECA89', '41E772ED']",141,unconfirmed
creature_338,"['x_88', 'y_1']",10,"['F5F309F5', 'E2F8D749', 'D1137C69', '3EB9781B', '72E630B6', '5615A924', 'B9A96693', 'DB7F23E1', '9689CC28', 'AF9DE748', 'A2F8A9DD', '93BDDDC6', '64A88A89', 'C4498D13', 'A4122050', 'F5D1E39C', '5B545C8D', '60FC1C3F', 'F17E545D', 'A08F07B8', '2D814356', 'E09DD410', '71802F67', '999F0D4D']",141,unconfirmed
creature_339,"['x_112', 'y_127']",150,"['A16EC09C', 'F1125973', 'CBD87889', '88BFDBFF', 'A9F35F5B', '4EE18C9A', 'AB942D6A', '2A86E375', '028D18B7', 'EA773D84', '0AA6BEA9', '3711251F', '3AF3F8D2', 'BB24D962', '2B62273F', '2EEDFD3F', 'FA6E69A5', '5C68DB9E', '9EA996DE', 'A5A56EF5', '2FFDDEF1', 'A73FECF8', '9F39228F', '6C2337C2']",141,unconfirmed
creature_340,"['x_126', 'y_56']",151,"['74A2F301', '1919814B', '4B303927', 'BE8A3E3C', '8EF4E6A1', '039FFB9D', '27A0F613', '54F3C845', '909EFADD', '9FA20271', '5202FA6C', 'E8AA80EE', '54378A09', '3AA71704', 'A31434AE', '8F493E0F', '96F87370', '04EEB78F', '74A2F311', '86A8CA62', 'AEDA56C2', '1D7ED430', 'B7A6946B', '98AD0D5C']",141,unconfirmed
creature_341,"['x_81', 'y_115']",10,"['0BB135B0', '3F58B3D9', 'A23ADD62', '0F02F7CD', 'B83C6908', 'AB4533A4', '16B7C7B6', '8B560A1A', '2E85945A', 'F58DD222', '4887CE69', '552E48B1', '9BBDD6F9', '98A43E18', 'CEB2593B', '3EFD235D', '75E022C2', 'A92524AA', '6E3CEC1B', 'D80B5EAD', '06D8ED4D', 'D8ADC561', '5B209CE0', '690D705B']",141,unconfirmed
creature_342,"['x_127', 'y_102']",10,"['E1741238', '72CE1E68', '2FFA05F0', 'B57263E0', 'E50BD852', 'DE3CA2D6', '37F2FCA6', '5C08E6F4', '8C65FBDA', '3904A07A', '385C0BE1', '482AC6DB', 'CC9D3266', '36563CFA', '999F0D4D', '9198C6BD', '81D9979A', '4E2D9144', 'E4788AF5', '3BFC8105', 'FE4156C8', 'A8799DA2', 'EE60C951', '2B52EFA6']",141,unconfirmed
creature_343,"['x_76', 'y_47']",10,"['6684F85C', '89A158AE', '22D0B606', '7D2EE53B', '1D7ED430', '74A2F301', '8BFED1F9', 'E6AF32DE', '7FC44353', 'D307ACD3', '6ABCDAC0', 'FFA89E73', '7ED71B8E', '092CEEAB', 'E2E34162', 'E2E56BDE', '378FDB37', 'D9908E49', '28DB632B', 'B7931A86', '7B0E79E6', '69DA8244', 'AB289279', 'AE839F45']",141,unconfirmed
creature_344,"['x_125', 'y_77']",33,"['A1839AA6', '23FCEEB7', '49C75DEC', '5650B7DC', 'E1755238', '5B65F89D', '7FE9B44D', '8B69A2F6', '8C65FBDA', 'C66881DB', 'DABB4D38', '708ED179', '855B953D', '5DE0FAEB', '878F17B1', 'BCE80F2D', 'C65CB76F', '7DD0A4A5', 'C467FD49', '311A236D', '231B4B49', '7F71610A', '42A3ED44', 'B79C6CBC']",141,unconfirmed
creature_345,"['x_114', 'y_115']",10,"['7D89C1FF', '4449B625', '0FD33BCB', '023F80D8', '8FB3621C', '8495BB13', '730398ED', 'DAB61181', 'F2F7AE45', '1DD98428', '2FFA05F0', 'C7F926FE', '8AA55F2F', '7F71610A', '84584706', 'A0B241FA', '3CD7C694', '946E73D7', 'EAFB6CA4', '68F518DE', '4635A097', '5615A924', 'BFFA905B', 'AAE0CA3B']",141,unconfirmed
creature_346,"['x_127', 'y_26']",102,"['644C79A2', '74466360', '84986253', '54378A0D', 'C7F926FE', '5615A924', '95BA561A', '028D18B7', '023F80D8', '0AA6BEA9', '7F71610A', '684C4AEB', '946E73D7', 'AA6A13DA', '8495BB13', '27A0C5BB', '1DD98428', 'ECF56E15', '84584706', '959775DA', '4449B625', '0E8C422B', '88BFDBFF', 'BFFA905B']",141,unconfirmed
creature_347,"['x_83', 'y_127']",139,"['74A3EC5C', '32492562', 'F128115B', '3C02B3B5', '49AD6B31', '4AA4B82F', 'E77F7C18', 'CEB8DF98', '2F9A9BDA', '86810A69', '4A9098E1', '1A95B2AE', 'DD18B7EE', '5650B7DC', '27F68044', 'E6709FF6', '97F44E37', 'F90FE807', '2366E3B9', '166FF6E8', '5ECC9C7B', '2D0C06EA', 'F183DA52', 'B57263E0']",141,unconfirmed
creature_348,"['x_126', 'y_91']",10,"['EF1781FC', '5455E9AB', '9F8CE8D5', '80027FE2', 'CB92C1B2', '8218212C', '24EAC200', '2B52EFA6', '704246F1', '2F378513', '4E93D17E', '6975A7E4', 'C1A11CA0', '243416F4', '270B55F5', '9A0E465C', '854871DD', '74A3EC5C', 'FE5A2DC4', '4011F3AB', 'B6B7ADCA', 'C1DD8873', '7B484FC8', '5B2A6195']",141,unconfirmed
creature_349,"['x_122', 'y_0']",10,"['BC4D2027', '44BB06E9', '2A7D3376', 'EDAD9501', 'B7931A86', '653416D1', '7A345A3E', '4CB0D611', 'AC4865EE', 'C6CFB8A3', '9949DA34', '95DAACEE', '6F49D767', '2A083EEA', 'F9B37898', '54A7A552', 'B2BEBB48', '0A2CC3ED', '0AA933EE', 'FD6F229E', '7E42C151', 'B18C42A3', '04EEB78F', '57585388']",141,unconfirmed
creature_350,"['x_108', 'y_89']",10,"['08D68140', '0DE097F4', '5034A584', 'D89720A4', '9015D737', '3EBFA4B4', 'E1741238', '8828B015', '6643770C', '6252E8B8', 'B32B491F', '763B6941', '4CA854C0', 'F82E1760', '8F95DDCA', '7222872D', '28A72030', '216A3036', 'F0B3CE49', '11326FC2', '1CDFCD62', '5119E38F', '8217DCF9', 'CEBB55A2']",141,unconfirmed
creature_351,"['x_3', 'y_97']",48,"['6253838F', 'E3C4AFCD', '4496769F', 'D3FCCF53', '4F0A2E57', '7F71610A', '957B50CA', 'FA4C5F28', '15A3E0DC', '946E73D7', 'FF26818A', 'F0DA6640', '84584786', '664BD4AD', '1DD98428', '0791D65F', 'D9A09084', '8DDF9597', 'D8C5033A', '326D944A', 'CD6D73B6', '83D3903C', '879FEE0A', '42CAE354']",141,unconfirmed
creature_352,"['x_127', 'y_17']",10,"['F7E018F6', 'F23B3C5B', '363E48D8', '4F1F97A7', '02A74ECB', 'A25FDBDD', '5694F172', '16DF47B9', '8971D7F2', 'C7A238C3', 'C3B5259D', '25DC8513', 'B09790A7', '125E8590', 'B622706B', '6017DA39', '7A4E0BC9', '311A236D', '412F2101', 'A30425C5', '2FD87B80', '1E9D9549', 'C034E976', '3391CC69']",141,unconfirmed
creature_353,"['x_127', 'y_78']",24,"['1A626680', 'B435E451', '42A3ED44', 'C7F926FE', 'EB51F268', '84008E35', '148EED11', 'F0F26DB0', '8F2A5C1D', '07A1FAF2', 'EA1231BC', '6AFBFD8D', '5455E9AB', 'B63CC65D', 'FB100B9D', 'E4805078', '6684F85C', '0CA1492F', '41E772FD', 'FF26818A', 'EEF38937', '1DD98428', '6BB38D16', '552E48B1']",141,unconfirmed
creature_354,"['x_9', 'y_127']",10,"['B7A6946B', '77828D05', '06D8ED4D', 'A4122050', '4087CE69', '0F02F7CD', 'DB7F23E1', 'F17E545D', 'A08F07B8', '68461A88', '0296E9E7', 'B83C6908', '5615A924', '67844244', '06669DFC', 'C4498D13', '150DDA1F', 'CEB2593B', 'CE4B7245', '2B76AB12', '98A43E18', '6573DFBC', '6B8CA017', 'F58DD222']",141,unconfirmed
creature_355,"['x_126', 'y_30']",10,"['F4773178', '98931742', 'D8ADC561', 'ED85A83D', 'D264F417', 'AA57BF2D', 'D80B5EAD', 'FD5236EA', '07806286', 'F82E1760', 'CB3F51D2', '33854B85', 'E4B9DFD5', '01EF82E7', '4B303925', '1E3E1799', '37345834', '657C8442', 'AA6A13DA', '1734A9DE', '8FEAA9B0', 'B37579CC', '86A8CA62', '109DD74A']",141,unconfirmed
creature_356,"['x_102', 'y_126']",21,"['88A99BB6', 'AA57BF2D', '7FF6CF76', 'F90FE80F', '6A083EEA', '5937DCD7', '18888C52', 'C392C690', '5181FC56', '793D60FA', '25DC8513', '887160BF', '5FD36F28', 'AAA0D5EC', 'CE7B08FE', '735EEC52', '4ECCCE9C', '84988060', '26EDEB76', '8A8F7722', '66C45409', '3A3E399A', '475379E6', '2B7F254F']",141,unconfirmed
creature_357,"['x_82', 'y_43']",10,"['3E487975', '043FDE57', '48DD7A2F', '0E9864CE', '8C19F396', '1CDEA30D', 'EE56A0E7', '54378A0D', '3391CC69', '7091E9C3', '363E48D8', '6017DA39', 'AFC8990A', '04335DFF', 'EC5A3802', 'A25FDBDD', '5C08E6F4', '2727952F', '0722F895', '7D89C1FF', 'B09790A7', '41FAD1E7', 'AEDA56C2', '47FD1765']",141,unconfirmed
creature_358,"['x_127', 'y_32']",10,"['E4B9DFD5', '69044DAD', '245AE12E', '5937DCD7', 'B5A3FFFD', '0D758F82', '4E2C3144', 'B56E46B0', '4F824672', '74A3EC5C', 'FC4A9676', '5694F172', 'B923C3DD', 'D74D86C7', '143FDE57', '18140F4C', '1F330E53', '8F2A7C1D', '593C42C7', '72CE1E68', '2A083EEA', 'F0772521', '594F0927', '78510A60']",141,unconfirmed
creature_359,"['x_96', 'y_89']",10,"['AAE0CA3B', '2F1A00B4', '72A63E0C', 'C828B015', '93E4F770', '673CB9AF', 'FF341DD0', '0E9864CE', 'F53450E1', '3D678475', '90F33B54', '5A9CF066', 'AB8ED095', '1ADFC2B6', 'DE3CA2D6', '296276E7', '9732022D', '4BB03925', '45995B5A', '4C3D487A', '7D89C1FF', '21DC51E3', '6EDB5E78', 'E50BD852']",141,unconfirmed
creature_360,"['x_126', 'y_23']",10,"['28DB632B', 'AFDDE562', '177774A4', '300F15AB', '2B7F254F', 'E3C4AFCD', 'AC87F00A', '5694F172', '8FD27760', '3A3E399A', 'D9C529CB', '2EE2C08B', '614CC517', '1C1D0D44', 'A58E988C', '0792FB84', '31E16182', '3E78D558', '892EC5B9', '6F75B2DB', '68811C05', 'F14BD885', '4AA1B5BF', 'B045CF27']",141,unconfirmed
creature_361,"['x_127', 'y_4']",10,"['0AF2D04F', 'EC28BA2D', 'DB69C4EE', 'E7AE8BE1', 'DA7166EB', '694A0115', 'F2F7AE45', '290BF8FC', '7C98680A', '953E2983', '72539D61', '6080E69A', '6AE16D63', '13BD67D3', '1750BAEE', '94B76827', '968D07C2', '39961299', '5991DD5C', '097F3758', 'B469565B', '832A8184', '99DF6FC8', '5A0779D6']",141,unconfirmed
creature_362,"['x_126', 'y_46']",12,"['C7F926FE', 'E110DCE1', '0CA1492F', 'FF26818A', '6BD384D5', 'A9F35F5B', '5212AD3E', '6E442095', '3F58BAEB', '07A1FAF2', 'F886FBC5', '018DFFFA', '8541C582', 'E0A04B81', 'B75353DC', '7D4ACB20', '5455E9AB', '6AFBFD8D', '080D0569', '7C48D907', 'EB100B9D', '66398E96', '6EB7A9F4', '13BF67D3']",141,unconfirmed
creature_363,"['x_58', 'y_29']",10,"['D8F7B27D', 'B32B491F', '6CDB5E78', '4381F679', '2D804356', 'C8D12D0A', '3FDB886E', 'CD60B0D1', '3AD4047D', '49D37E56', 'EB083213', 'A23ADD62', '8675CBD8', '8C9B8F98', 'A92524AA', '7C332ED6', '73204A58', 'F1BD32D7', '075B0EBA', '80D3522B', 'ED0A192B', '8217DCF9', 'ED9A0FBE', 'BE0A028D']",141,unconfirmed
creature_364,"['x_91', 'y_68']",10,"['EE99F48E', 'C7108CA4', '2AE9639C', '48F13A31', 'F368763A', '6C3B4726', '2290B606', 'AFC0990A', '73B4D129', '048E9B45', '1112F005', '4BD0659F', 'DA7166EB', 'FA55C90B', '6573DFBC', '6AE16D63', 'B2A03215', '87B52645', 'AC2150C5', 'D264F417', '4FDA2210', '602D340D', '52C8B461', '0A43371D']",141,unconfirmed
creature_365,"['x_127', 'y_112']",11,"['E675C1BE', '9B116DD9', '2D48E7A1', 'B2BEBB48', '44BB06E9', '9F6AA058', '74A3EC5C', '653416D1', '33E924EC', 'AC4865EE', '27F68044', 'C6CFB8A3', 'AC10B87E', '96D0C342', '8AE1D78A', '3601459F', 'EDAD9501', '518EFA39', '3E1F4516', '57585388', 'E1E39AD2', '2024D0E9', '5C3D487A', 'A4122050']",141,unconfirmed
creature_366,"['x_125', 'y_6']",10,"['D264F417', '8F2A7C1D', '00D68140', '5316E2C2', '593C42C7', '3C72F365', 'E1A9DE83', '6CD9E88E', '7DD0A4A5', '3A7C3DDE', 'DAB5A90E', 'C53A1A54', '27A0C5BB', '29D9EFE5', '08C27AC9', '3CD84BB7', '6E858B27', '3BFC8105', '173A2B8F', 'EA1231BC', 'C8019255', '1A18D089', '6EF16222', 'C8FDF0CC']",141,unconfirmed
creature_367,"['x_124', 'y_2']",35,"['86DCB83C', '7BEB5E5D', 'B8945F6B', '426AC7F7', 'E8F56E15', '162BCCC1', '6DF8E6E7', '4215103A', '3D2B49E7', '11EE2A66', '3F58BAEB', '8BE40A15', '1B2CB6CB', 'DFD9C938', '4E2D195F', 'EECD23A1', '38FC729F', 'E4B9DFD5', '1FAC0DA8', '54178A0D', '34434173', '5B65F89D', 'DA5C057E', '50C66B20']",141,unconfirmed
creature_368,"['x_126', 'y_115']",10,"['BBBB5769', 'BAAB0722', 'BC91F706', '3F9431F2', 'EDCE12E4', '35231D13', 'D5DE6459', '5634F226', 'D73109C2', '8218212C', '144186A8', '14D32DE3', '21DC51E3', 'F92C6DBD', 'B75353DC', 'C65CB76F', '3602B10A', '9FA4A87C', '2B52EFA6', 'FAA3A6F7', '02A74ECB', '5228DBAB', '5B209CE0', 'C1497B6F']",141,unconfirmed
creature_369,"['x_99', 'y_21']",10,"['966B3FA4', 'C1497B6F', 'DB7F23E0', '604115D8', 'B469565B', 'C919D2EE', 'D1574487', 'D44CD9EE', '8646E449', '0AF2D04F', '07FA0DE4', 'AE0018BB', 'E8B778BC', 'D84923B4', '107BD50B', '3B5DE015', '15483906', 'A2887A94', '06AD2FF0', '6080E69A', '954DDE9B', 'C03CAA51', '2BA0B9FA', '5CB5F845']",141,unconfirmed
creature_370,"['x_21', 'y_19']",11,"['CE3B55A2', '98A43E18', '1919AFC6', '88289015', 'BAAB0722', 'D3FCCF53', '65845AEA', '2D671B03', '5694F172', '5F94652C', 'D59F39B6', '5EFFBACA', 'B83C6908', '887160BF', 'C0AEF0EF', 'A4894B78', '9BBDD679', '3A952A5B', '68811C05', '5634F226', 'B2C32F02', '8196A79D', 'A4683772', 'F58DD222']",141,unconfirmed
creature_371,"['x_108', 'y_4']",10,"['87938DF7', '0C9F0199', '7B484FC8', 'EE56A0E7', '8828B015', '78228FC2', '5B209CE0', '5937DCD7', 'C7F08942', '3DACFC17', '934BB554', '6A50959E', '1734A9DE', '7222872D', '3A50B799', 'A2887A94', 'D80B5EAD', '5119E38F', '4381F679', '763B6941', '8C4CD510', '1CDFCD62', '8AC4B57B', '90F33B54']",141,unconfirmed
creature_372,"['x_124', 'y_125']",10,"['2D671B03', '4087CE69', '079F8773', '8FB3621C', 'F1ECD587', 'ADB41CA9', 'FA4C5F28', '8A8F7722', 'F23B3C5B', '72E63E0C', '365E3CFA', '6684F85C', '50B633CA', 'BEAFE2F7', 'C61F37DF', '15B7D383', '66C45409', '44A38608', '7E73266D', 'A0B61F74', '26DBE057', '7DBD9889', '9C1CCA5F', '999F0D4D']",141,unconfirmed
creature_373,"['x_127', 'y_49']",10,"['F8EAD7CC', '5119E28F', 'EB083213', 'B94F5E9E', 'BCE8072D', '422A5ABD', '97A4A87C', '878F17B1', '74E08B75', 'C83435BA', 'BC91F706', 'CEDFD3C4', 'A476F1C2', 'EC5A3800', '10B59703', 'D44CD9EE', '116FE1F3', 'A60E5B5F', '673CB9AF', 'FD361BFE', '1FA91C19', '72502338', '4158779C', '4BF1C8FC']",141,unconfirmed
creature_374,"['x_126', 'y_94']",10,"['080D0569', '1035B1DD', 'BC8D58C8', '9689CC28', '23D71A18', 'EB61FA48', '641238A4', 'C7045CF3', '9916A5D3', 'B8BC0A05', '9154E975', '8BF6C498', 'D1137C69', 'C99C6892', '24D09083', '519EFA39', '74E08B75', '84FBB108', '9DEB88DD', '55D97A5D', '1EA5B4F7', '0F44438B', '21C2793F', '5BAB5C48']",141,unconfirmed
creature_375,"['x_5', 'y_127']",129,"['EA1231BC', 'C88818E6', '4D617B8E', '08B1B65F', '6252E8B8', '9038FDF0', '5785F529', 'B37579CC', '2C0FEFA8', 'E110DCE1', 'D751FD2B', 'F20E521D', '4A2E41A8', '7F71610A', '3677CFED', '9198C6BD', 'ED9BAB32', '5F5AC892', '12A825E1', '41FAD1E7', '06669DFC', '271833C2', '83D3903C', '231B4B49']",141,unconfirmed
creature_376,"['x_72', 'y_0']",10,"['D3FCCF53', '66C45409', '6FD8D67C', '08C27AC9', 'FA4C4F28', '6471828A', 'E273529C', 'D844C6BC', 'BE436FE1', '125C2F71', 'F23B3C5B', 'A8DB6051', 'C7A238C3', 'F82E1760', '5C9D3CD6', '0319A751', '235102F6', '57F4A63A', '475379E6', 'BABC4BE5', '8A8F7722', '4977AB44', 'F1ECD5A7', '3D5284B6']",141,unconfirmed
creature_377,"['x_57', 'y_82']",10,"['2CF6404E', 'A16EC09C', '44BB06E9', '3C5EA438', '7F32F25A', '9CE74DF6', 'F2D8D4C0', '7730FA0B', '33854B85', 'CC40D33F', '2B62273F', 'F501A344', '4FDA2210', 'ABD93AD0', '78073B8E', 'C4B9786E', 'B1475B53', '020FBD64', 'A2B9300F', '55BD4F75', '89A158AE', '2FFA05F0', 'D9330A48', 'CDCB273B']",141,unconfirmed
creature_378,"['x_109', 'y_0']",50,"['F7DF419A', '5B65F89D', '4C5546C0', '892EC5B9', '69899ADF', '3A3E391A', '89A87203', '50EEE56E', 'E7640956', '2EE2C08B', '25DC8513', '68811C05', '4E619263', '5650B7DC', 'F993C448', '20881DD3', '177774A4', 'C0AEF0EF', '2A0836EA', '51CE23E5', '6B4CBAA5', '25D23FC7', '40F7E3C1', '1BBD67D3']",141,unconfirmed
creature_379,"['x_125', 'y_99']",10,"['ABA01DFD', 'F7058FD6', '585F6EBF', '8F2A7C1D', '2007A706', 'D85AFD35', 'CF80E4A4', '78510A60', 'F602E340', '76A3EC5C', 'D264F417', 'FD5236EA', '3A7C3DDE', '7BBD2F91', 'A288699C', '41608187', '46DCFEEB', '1F5CD9BB', '8BE40A15', '143FDE57', 'D7293B49', 'BF99ECAA', '78C5855C', 'B5A3FFFD']",141,unconfirmed
creature_380,"['x_80', 'y_126']",10,"['8421CCF8', '080D0569', 'C3024C28', 'CBDE245A', 'EFFC0B15', '6F0486C9', '1953C41C', '938E8F3F', '727382E9', '92D92BA0', '74F76D41', 'C3024C2C', '8FF8E397', '94B67AE2', '65E15E0D', '4D7AA41A', 'DE79A4C2', 'A8F25545', '9CE2814F', 'C61F37DF', 'DF81B217', 'AE41547F', '62758DC1', '6F0486C9']",141,unconfirmed
creature_381,"['x_4', 'y_97']",151,"['60EF772D', 'D0ADC563', '573789DB', '75FF192A', '41FAD1E7', '316D2570', '2A85B7E9', '8BA57DEC', '61745238', 'E273729C', 'E8DBD749', '93A0CE02', '5C1D486C', '0AF4CF1C', '37345834', '470A002F', '51863268', '7F71610A', 'CCCF373A', 'ED8AFD45', 'F57A2EF6', '27A0F613', 'B5C147A5', 'C05D8423']",141,unconfirmed
creature_382,"['x_126', 'y_29']",10,"['552E48B1', '8CBA2C02', 'BE69F978', '4D617B8E', '758663BD', 'C97D44B1', '231B4B49', 'E283FB13', 'F5F3676B', '6ABCDAC0', '5228DBAB', 'ED34DC2D', '1A626680', '5212AD3E', '91D95D2F', 'D8DD6133', '4977ABC4', 'C88818E6', '4A2E41A8', '6712CFD6', '7F71610A', 'FF26818A', 'B7A6946B', 'E110DCE1']",141,unconfirmed
creature_383,"['x_127', 'y_105']",143,"['54378A0D', 'EE60C951', '6AEC169A', '7F71610A', '6017DA39', 'C7A6D69C', '77CABF6A', '6BB38916', '48DD7A2F', '706DA9C2', '8392D94A', 'BE73253A', 'B09790A7', '41FAD1E7', '4366961D', '7F55D263', '311A236D', 'FFAFC954', '0722F895', '2013B824', '8360B4B5', '0A66CEA2', 'A25FDBDD', 'D142C115']",141,unconfirmed
creature_384,"['x_126', 'y_63']",48,"['C8FDF0CC', '3A7C3DDE', '614CC517', 'EA1231BC', '2D93C39E', '3BFC8105', '039FFB9D', 'F1AFD7E9', '844D2AF3', '4A8C1E9D', '00D68140', '72502338', 'A769E83B', '9C2B363E', 'FC4A9676', 'A8048CD8', '74EBCB56', '671FFE32', 'D264F497', '593C42C7', 'CC9D3266', '6AFBFD8D', '1F330E53', '8293FD26']",141,unconfirmed
creature_385,"['x_126', 'y_105']",10,"['34A4E789', 'D939350C', '9C1CCA5F', 'F6A5C1DF', '5F5AC892', '1BADAE92', '8CD99024', 'ED9BAB32', '06669DFC', '0BB135B0', '376A5924', '263B3BCE', '29E42DFD', '6252E8B8', '566AB931', '71AB1982', 'C28E3F2F', '7490A18F', 'F368763A', 'D751ED2B', '91F33B54', 'A258156D', '83D3903C', 'C88DA53F']",141,unconfirmed
creature_386,"['x_127', 'y_13']",10,"['641238A4', 'AB4DEB8F', '92BEF07B', 'C3B5259D', '4AA1B5BF', '1112F005', 'A6A1CC2D', 'ED9BAA32', '0E9864CE', 'B2364E77', '4425109A', 'E6D9270A', 'C28E3F3F', '13E01BAF', '0296E9E7', '3F38C6A2', '6CBDC1AA', '1C501D6D', 'A9D0D151', 'EB97C6A0', '238639D3', 'F501A344', '0296E9E7', '14B41E3B']",141,unconfirmed
creature_387,"['x_95', 'y_0']",150,"['4AD40277', '33579DF2', '3BDE4114', '0C9F0199', '079F8773', '2FFFF8F7', '0858D308', '051BFF9F', '28C33E44', '291C5939', 'F58DD222', '19E4B665', '78073B8E', '326D944A', '681C0975', '1A626680', 'EADC6C39', 'A0B61F74', '81C8AC0C', '4916F1D1', '690EE25F', '681C0975', 'A611895F', '96131718']",141,unconfirmed
creature_388,"['x_44', 'y_0']",151,"['D8F7B27D', 'D646D308', 'D0ADC563', 'B79C6CBC', 'F57A2EF6', 'B86717A8', 'B32B491F', '96C29901', '93E4F770', '573789DB', 'BFF514C3', '5455E9AB', 'B5C147A5', '0E9864CE', '65845AEA', 'CCCF373A', 'E203D2EE', '371C1236', '291F1798', 'B7931A86', 'E665C1BE', '41FAD1E7', 'C45523AF', 'ED8AFD45']",141,unconfirmed
creature_389,"['x_71', 'y_0']",11,"['7E332ED6', '878F17B1', '45995B5A', '9E74445E', '6774989A', 'A200530B', 'EE56A0E7', 'DDD09CB6', 'BAAB0722', '903CFA13', '673CB9AF', 'C8B437BA', '6AEC169A', '1A929FD0', '40CA9B55', 'B3FE6B07', '7F619E6D', 'EB100B9D', '15A3E0DC', '8AA55F2E', '6C6C2343', 'E0A04B81', '5491C36E', 'EF1781FC']",141,unconfirmed
creature_390,"['x_90', 'y_94']",145,"['23818D72', '78228FC2', '7B461EAC', '42A3ED44', 'A1AD996E', '7222872D', '092CEEAB', '4158779C', 'EE76713D', '41FAD1E7', 'D31C5522', '1953C41C', '4E2C9146', 'A2A87A94', '7CE04933', 'E44D0B8D', '150DDA1F', '55BD4F75', '8F79F160', '116FE1F3', '72502338', 'C3C4AB6D', 'BC1435F1', 'F48E89A6']",141,unconfirmed
creature_391,"['x_107', 'y_0']",10,"['7C4048F3', '4087CE69', 'B4ED1C48', '90F33B54', '482AC6DB', '6B4CBAA5', '023F80D8', 'EE60C951', 'F20E521D', '3272CB69', 'E1741238', 'D2F7C5A2', '3904A07A', 'CC9D3266', '385C0BE1', 'ED9BAA32', '24E3E7F1', '0D09ADF1', '95BA561A', 'BEAFE2F7', '775C316A', '9B2BDCF7', 'E1211926', 'A8799DA2']",141,unconfirmed
creature_392,"['x_126', 'y_20']",10,"['7D2EE53B', '5EA131F5', 'E774C316', '9593E722', 'C713F456', '0EB861D8', 'B5C50710', 'C0BCBD74', '6325D3CE', 'D7B109C3', 'F42AFA1E', '1A9EC5AB', '4CA6E8AE', '94B67AE2', '271833C2', '3F121B78', '6083D3BC', '9EC9085E', 'E8E8714F', 'A200530B', '194AD403', 'FE4BEF56', 'AC636961', 'B93E478E']",141,unconfirmed
creature_393,"['x_127', 'y_36']",10,"['1ADFC2B6', '4BABC455', '92B373AC', 'D5DE6459', '1A9EC5AB', '14A748B8', 'C99C6892', 'A8048CD8', '41BAD1E7', '05F1330D', 'F4EBCB56', 'C4810BC6', '82971A6A', '856E5C17', '6D60F825', '79038BDD', 'C5A19A4D', 'FE01D6CC', '9C2B363E', '72502338', '8F31FEE5', '2711251F', '844D2AF3', '2384A6EC']",141,unconfirmed
creature_394,"['x_0', 'y_81']",146,"['5DEADD67', 'B5C147A5', '075C546E', '243416F4', '32BEBB48', '0C455BFC', '80027FE2', '5785F529', '6643770C', '475B0EBA', '90F33B54', 'C9E495BD', '293FD127', '460212A7', '35F47DEE', 'AD098315', '6A33C80D', '8BA57DEC', 'D9A09084', '8217DCF9', '3AC2ECA5', 'D7293B49', 'B13B88CD', 'F0B3CE49']",141,unconfirmed
creature_395,"['x_127', 'y_28']",10,"['4977AB44', 'F9B37898', 'F501A344', '88A99BB6', 'E273529C', 'EB51F268', 'E283FB13', '9D745F76', '6ABCDAC0', '988A8327', '1A626680', '0680E872', 'C97D44B1', '8C18A1BA', '74A2F301', '793D62FA', '91442190', 'FD6F229E', 'B13B88CD', 'B7A6946B', '4980E4DA', '5212AD3E', 'C28E3F3F', '71AB1182']",141,unconfirmed
creature_396,"['x_124', 'y_106']",10,"['326D944A', '2352EFA6', '886B05A0', '4980E4DA', '664BD4AD', '20111E63', '4087CE69', '87A0233F', '3A952A5B', '3B3A0A56', '51CD4957', '1BD52A87', 'C7F1D080', '6502AD35', 'A02AA1E2', '8646E449', '9689CC38', '5558CD22', '412F2101', '41FAD1E7', 'C7F926FE', 'BA9167C3', 'F501A344', '4E92DDA5']",141,unconfirmed
creature_397,"['x_127', 'y_19']",10,"['7BBD2F91', '0296E9E7', 'F58DD222', 'E6543A73', '8A74C793', 'F82E1768', '752AC979', '1A929FD0', 'CB7A05A8', '5119E38F', '37345834', '1ADFC2B6', 'FD1236EA', '7D3D9E9A', '5AF1AAE2', 'A97FFFA7', '1F5CD9BB', 'F75881CC', 'CB3F51D2', '405C1A75', '2E6562C8', '33854B85', '36E3675D', '58F028CC']",141,unconfirmed
creature_398,"['x_127', 'y_116']",151,"['CC9D3266', 'C8FDF0CC', 'E50BD852', 'DB7F23E0', '593F2524', '125E8580', '2EF7B3B1', '6B8CA017', 'D8FFC82E', '0B729EBF', '1CDEA30D', '8293FD26', '8F2A7C1D', 'E8B778BC', 'D264F417', 'C53A1A54', '3A7C3DDE', 'EA1231BC', '3B5DE015', '954DDE9B', 'C034AA51', '6CD9E88E', 'CC9D3266', 'A2887A94']",141,unconfirmed
creature_399,"['x_0', 'y_103']",130,"['C3C4AB6D', 'DF1C0F15', '55BD4F75', '028D18B7', '0903D2DF', 'D939350C', 'FD5216EA', '53083AC7', '2B62273F', 'C7A238C3', '54EB1579', 'D09F4E14', '2E3F235B', 'BDF95636', '8FE60146', 'B5CF1CB8', '7490A18F', '33579DF2', '16E3FDE5', 'A16EC09C', 'A63B61A6', '76A3902E', 'ED8FA115', 'B1475B53']",141,unconfirmed
creature_400,"['x_127', 'y_46']",49,"['7FE9B46D', 'B4784CC4', '2DD23FC7', 'AF9DE748', '20222F5B', '957BE629', 'C706359A', '6775B2DB', '73204A58', '6AFBFD8D', '7C4048F3', 'D739E5EC', '5202FA6C', '566AB931', '9280092E', 'E273529C', 'F0341F5C', '4CE6DE41', '71802F67', '86A8CA62', '1BEDAE92', '039FFB9D', '694A0115', '5695FFAB']",141,unconfirmed
creature_401,"['x_126', 'y_98']",10,"['296276E7', 'F103DA52', 'DDD09CB6', '45995B5A', 'A7605E29', '72E63E0C', 'F53450E1', '4223ED44', '27F68044', '86810A69', '4AA4B82F', '2F9A9BDA', '023F80D8', '977B50CA', 'B57263E0', '5491C36E', '8541C582', '1F1723B4', '4F93BBA3', '0A698DAE', 'CEB8DF98', 'E50BD852', '8E3FF321', '986B4314']",141,unconfirmed
creature_402,"['x_70', 'y_0']",36,"['2FFA05F0', 'E260BBE5', 'AC4867EE', '72CE1E68', 'CBDE245A', '36563CFA', 'ED9BAA32', 'BABC4BE5', '9949DA34', '0634A501', '81D9979A', '69044DAF', '4E2D9144', 'A7F1681F', '4366961D', '82F505C5', '5C1D486C', 'DE9559FD', 'AEB01D2D', '61F9B4D1', 'D069B8E8', 'C66881DB', 'E861A75E', '04C11D57']",141,unconfirmed
creature_403,"['x_21', 'y_0']",133,"['0296E9E7', 'C3C4AB6D', '5C08E6F4', '752AC979', '54EB1579', 'D09F4E14', 'A4894B78', 'DFC9CB15', '16E3FDE5', 'E8AA80EE', 'FB673B89', 'E4788AF5', '7490A18F', '57F4A63A', '6712CFD6', 'EF2F3791', '98CBACB3', 'A63B61A6', 'B5CF1CB8', '4D98078D', '8FE60146', '14E2A953', '5C9D3CD6', 'D939350C']",141,unconfirmed
creature_404,"['x_127', 'y_63']",10,"['A4683772', '599DB2DB', '115A5136', 'DF81B217', 'A16EC09C', '7F71610A', '6ABC9AC0', 'D9994B28', '5A0D23C4', '2D93C39E', '69DA8244', 'C66881DB', 'D0090A92', '120FEAF1', 'B37579CC', 'CB7A05A8', '0CFE3F10', '8E142815', 'CB1C0D99', 'E273529C', 'EBE5DB59', '9CBC7CDA', 'ED8AFD45', '7D89C1FF']",141,unconfirmed
creature_405,"['x_125', 'y_94']",10,"['34A4E789', 'D939350C', '520A2B7E', '4CF0EFAC', 'F88452E9', '5119E38F', 'EF2F3791', '690D705B', '5181FC56', '6B4D1DA8', '2FFA05F0', '0AA933EE', 'DE3CA2D6', 'EA9CA5F8', '44BB06E9', 'FB7CF43D', '3E5E60D0', '89A158AE', 'CBED0331', '110481C1', 'E8AA80EE', 'F0772521', '06669DFC', '751C46BE']",141,unconfirmed
creature_406,"['x_106', 'y_15']",10,"['475379E6', '13A889EE', '2D04199F', '31161C54', '2D670B03', '2C1DB166', 'F1F7A906', 'C61F37DF', '66C45409', '2711251F', '4AF931E4', '4977AB44', '771EE309', 'D7960351', '84C64AA3', 'BABC4BE5', 'C19711A1', '9FA20271', 'F23B3C5B', '6684F85C', 'BDA554F8', 'D3FCCF57', 'F9B40469', '1CDEA30D']",141,unconfirmed
creature_407,"['x_94', 'y_24']",10,"['66437F0C', '5650B7DC', '1734A9DE', '05F1230D', 'F128115B', 'C28E3F3F', '5B88F697', 'C065E31F', '2A7D3376', 'E273529C', '4A9098E1', '7A345A3E', 'F9B37898', 'D646D308', 'B18C42A3', 'E77F7C18', '2366E3B9', '9D745F76', '166FF6E8', 'F90FE807', '5ECC9C7B', '12D83242', '0C2235BD', '06AF9D88']",141,unconfirmed
creature_408,"['x_127', 'y_41']",10,"['EE99F48E', '115A5136', 'CFDFD3C4', '8A923636', 'ECB9DFD5', 'FE8735FB', '854871DD', '1CDEA30D', '261072BE', '6B155125', '7D89C1FF', 'DAB61181', 'ED8AFD45', '6EDB5E78', '26A1D884', '8393C94A', '24D09083', 'A4683772', '2BEFC713', '748663BD', '599DB2DB', '68461A88', 'CB7A05A8', '892EC5B9']",141,unconfirmed
creature_409,"['x_82', 'y_0']",11,"['CD42F83E', '66398E96', '27F68044', '96D0C342', 'B896E1CB', '6802E52B', '1E77759E', 'C7A638C3', 'A94947FF', '3601459F', 'C4498D13', '9B116DD9', 'C25571B0', '33C924EC', '36E3675D', '8F2A7C1D', '2D48E7A1', 'CEB8DF98', 'A4122010', '3CA8B4A6', '2E1F4516', '7D3D1E9A', '0A66CEA2', '8A76C793']",141,unconfirmed
creature_410,"['x_127', 'y_31']",110,"['2DB5C8BB', 'BCBCAA5A', '802FCD91', 'E6AF32DE', '2711251F', 'C919D2EE', '35F47DEE', '76A63C2C', '01420254', 'A4F4F0BB', '1035B1DD', '4CA6E8AE', '1EAB2AB3', '4EE18C9A', '52968D61', 'F49CF50F', '4F93BBA3', 'FE4BEF16', 'F0944B4A', '194AD403', '388F5F5C', 'B63CC65D', '6083D3BC', 'D439EC51']",141,unconfirmed
creature_411,"['x_127', 'y_44']",146,"['8FD27760', '3F78D558', '6252E8B8', 'C66881DB', '909EFADD', 'C8FDF0CC', '3BFC8105', '37685934', '744690EC', 'D09D5C4C', '83D3903C', '3C5EA438', '96E2A3D4', 'FB0439EE', '5785F529', '6EBDC1AA', '824C755B', '4914F1D1', '79038BDD', 'D9C529CB', '263B3BCE', '300F15AB', '75B12FAC', 'ADE59536']",141,unconfirmed
creature_412,"['x_126', 'y_78']",113,"['71BB550A', '8004A15B', 'BFF514C3', '41DEA037', '26540BF2', 'D7CD9158', 'C2F96012', '0296E9E7', 'F128115B', 'A56C4639', '0FD3251D', '388F5F5C', 'CCCF373A', 'F0B11169', '02A74ECB', '2A85B7E9', '125C2F71', '9FF0BD47', 'A4894B78', '288535A2', '4A9098E1', '988BFDCC', 'EADC6C39', '8828B015']",141,unconfirmed
creature_413,"['x_120', 'y_1']",10,"['68B467BD', '24DA34C2', 'BB3BA03B', '82F505C5', '1A95B2AE', '54378A09', '41BAD1E7', '4F47375A', '5202FA6C', '039FFB9C', 'F1AFD7E9', 'F0772521', 'A32A12FA', '3C02B7B5', 'A3818D72', 'C39E9A4A', '2DD23FC7', '790A1088', '2D93C39E', '26AAFB77', 'EFFC0B15', 'B7A6946B', '84D06A9A', '5E3DFB35']",141,unconfirmed
creature_414,"['x_126', 'y_106']",151,"['EAFB6CA4', 'C136CF69', '5615A924', '4635A097', '84584706', '4D40C49E', '4449B625', 'E3C4AFCD', 'A4830A14', 'EE99F48E', '07A1FAF2', 'BFFA905B', '116FE1F3', '19F1BD08', '593F2524', '730398ED', 'B0B241FA', '023F80D8', 'A7605E29', '820686D1', '422A5ABD', 'DDD29CB6', '14F5FA3D', 'CC19333A']",141,unconfirmed
creature_415,"['x_107', 'y_127']",13,"['23EB08FF', 'D89720A4', '452D9886', 'FFA89E73', '285CF92F', '9B0C48B5', 'D2E85BDA', '941FDB78', 'B5C930BE', '5977D0FD', '1F5CD9BB', '9E74445E', '948A082F', '51CD4957', '72F383A9', 'D02C2623', 'AD30F060', '11EE6A66', '938E8F3F', '73204A58', '0F5D68DF', 'C136CF69', '422DC054', 'E6AF32DE']",141,unconfirmed
creature_416,"['x_1', 'y_0']",16,"['5BAB5C48', '9EA996DE', '1DBE18F7', 'ECA5C4F8', 'C8019255', '4D98078D', 'A6A1CC2D', 'E274E697', '08206506', 'B2364E77', '2EF7B3B1', '0DE097F4', 'B09790A7', '0319A751', '4AA1B5BF', 'F82E1760', '4A18B2D9', 'F4245779', '6CBDC1AA', 'C28E3F3F', 'A9D0D151', '3F38C6A2', 'E273529C', '051BFF9F']",141,unconfirmed
creature_417,"['x_61', 'y_127']",97,"['5A00730E', '69044DAD', '3391CC69', 'ECA5C4F8', 'C7F08942', '641238A4', '2FFFF8F7', '92BEF07B', 'EB97C6A0', 'B26E84EA', 'C7D85A43', '238639D3', 'C167264C', '2E903A02', '2E85947A', '6D6C4FF0', 'C3B5259D', '67840244', '76A63C2C', '8BFED1F9', 'C79051E9', '1C701D6D', 'AA6A13DA', '35F47DEE']",141,unconfirmed
creature_418,"['x_19', 'y_0']",10,"['DB69C4EE', '3602B10A', '34DFA7C6', '0A698DAE', '039FFB9D', '954DDE9B', '8AA55F2E', '58AEC8A4', 'F462D363', 'E1741238', '226AF19E', '6D527260', 'FAA3A6F7', '1035B1DD', '0971F9BB', 'F92C6DBD', 'ED8FA115', '4E92DDA5', '5B65F89D', '39CAACE6', 'E43A2E59', 'C7A238C3', 'DDD09CB6', 'E11738AC']",141,unconfirmed
creature_419,"['x_10', 'y_88']",10,"['CF496A77', '04EEB78F', '232DC21E', 'FA4C5F28', '3037C7C9', '536E19C0', '855B953D', '74EBC956', 'A7F1681F', 'F1ECD5AF', 'EE99F48E', '8FB3621C', '423A5ABD', '61BE4449', '7B461EAC', '5491C36E', '0319A751', '8D3F1E80', '96F87370', 'C335B0AD', 'F1ECD5A7', '22C52F43', '79F1712C', '5ECC9C7B']",141,unconfirmed
creature_420,"['x_58', 'y_0']",14,"['D44CD9EE', '2E22F95A', 'FF26818A', 'A1AD996E', '57810B3A', '116FE1F3', 'B79C6CBC', 'C83435BA', 'B94F5E9E', 'A476F1C2', '6774989A', '844C5983', '4158779C', '2A0836EA', 'A1839AA6', '231B4B49', '2C0FEFA8', '5119E28F', '8C65FBDA', 'D73109C2', '72502338', '23FCEEB7', '2AE12C81', '7F71610A']",141,unconfirmed
creature_421,"['x_89', 'y_127']",10,"['79E7D681', '735EEC52', 'AA57BF2D', '51CE23E5', '9949DA34', 'E4B9DFD5', '54A7A552', 'B56E46B0', '4CB0D611', '95DAACEE', '43D7522B', 'EDAD9501', '04EEB78F', 'E1E39AD2', '57585388', '94333B0D', '11A888CD', '26A60192', '2A083EEA', 'B438CB21', '9F6AA058', 'AC10B87E', '2024D0E9', 'BB8CB5D8']",141,unconfirmed
creature_422,"['x_125', 'y_0']",10,"['9198C6BD', 'B4ED1C48', '52290927', '42500956', '6ABCDAC0', '5FD36F28', '122825E1', 'D9A09084', '5E702F07', 'EE3E339C', '3904A07A', '6FB9E345', 'FA4C5F28', 'D8C5033A', '999F0D4D', '802F0D37', '14B7D383', '387C0BE1', '6E74E529', '06669DFC', '8C65FBDA', '804510D2', '0C713F1B', 'EE3E339C']",141,unconfirmed
creature_423,"['x_62', 'y_24']",119,"['EDAD9501', 'B896E1CB', 'F3E26DF2', '690EE25F', 'C3CFC63A', '54EB1579', 'B37579CC', '2A083EEA', '7C481479', 'C3BF1761', 'A0B61F76', '9F6AA058', '162BCCC1', '14B7D383', '44BB06E9', 'E5B8E9D1', 'DF1C0F15', '95DAACEE', '2FFDDEF1', '44A38608', '1A7B5DCF', '54A7A552', 'D09F4E34', '8AC36B16']",141,unconfirmed
creature_424,"['x_126', 'y_58']",10,"['69A37098', 'E59604D7', '2727952F', '2852659C', '89A87203', 'CD42F83E', 'C6DF397B', '7186A89C', '78461CDA', 'CEB8DF98', 'A25FDBDD', '4D5F206B', 'DBEAF623', '0A66CEA2', '909EFADD', 'FE8735FB', 'FDC19818', '6712CFD6', '7B484FC8', '790A1088', '599DB2DB', 'BD9E60B9', '144186A8', '6802E52B']",141,unconfirmed
creature_425,"['x_127', 'y_43']",10,"['74466360', 'AA6A13DA', '243406F4', '4E93D17E', '644C79A2', '88BFDBFF', 'CC40D33F', 'EFC98E3C', '959775DA', 'D627E6A2', 'F3BCD2C4', 'B2BEBB48', '878F17B1', '90174874', '065C546E', '27A0C5BB', '33854B85', '3CD84BB7', '028D18B7', '9B116DD9', 'FAA3A6F7', '0AA6BEA9', '2D6768F7', '00A4D2B3']",141,unconfirmed
creature_426,"['x_45', 'y_116']",149,"['FC398EA2', 'BEC9085E', 'C7F08942', '8AC4B57B', 'D686EA91', '1FAC0DA8', '5B209CE0', 'BC1435F1', '4381F679', '3DACFC17', '6FC9D767', 'EE56A0E7', 'E44D0B8D', '5937DCD7', '90F33B54', 'D9908E41', '0634A501', '4E2D195F', '29E27C4C', 'DE3CA2D6', '1B6883D5', 'D8ADC561', '8C4CD510', '69044DAD']",141,unconfirmed
creature_427,"['x_127', 'y_37']",10,"['2F1A00B4', 'EEDB5E78', '144186A8', '46DCFEEB', '7B484FC8', '5634F226', 'B2A5E1E7', '5A9CF066', 'AB801DFD', '14593C71', 'FBB5A970', '66DB5E78', '54B41E3B', '7D89C9FF', '0E8B13C1', '3759BF2F', '0E8B13C1', '90F33B54', '849DECE1', '0E9864CE', '0296E9E7', '26A1D984', '849DECE1', 'EC5A3802']",141,unconfirmed
creature_428,"['x_38', 'y_122']",10,"['08D68140', '6AC50FFD', '020FBD60', '72CE1E68', '21C2797F', '4CA6E8AE', '6EDB5E78', 'AAE0CA3B', '5977D0FD', '2A083EEA', '8AA55F2F', '3391CC69', 'F0772521', '6AC54706', 'CDC37939', 'EADC6C39', 'CBC156FB', 'E905E5F9', 'C919D2EE', '0E8B13C1', 'AA352DD3', '855B953F', 'FAC1D60C', '04335DFF']",141,unconfirmed
creature_429,"['x_122', 'y_127']",19,"['DE79A4C2', '26DBE057', '948A082F', 'C136CF69', 'A8246FFE', '1B6883D5', '93844BD6', '1F5CD9BB', '55BD4F75', '8DABEE9C', '72F383E9', '71BE4BA8', 'CBDE245A', 'DF81B217', 'AFEADA11', 'D02C2623', '2CB2BE79', '4CF8EF8C', 'D89720A4', 'B1475B53', '1953C41C', '080D0569', '5B6777B2', 'F3F66C04']",141,unconfirmed
creature_430,"['x_95', 'y_1']",10,"['D844C6BC', '54378A09', 'FE5A2DC4', '4F4C567E', '8393C94A', 'EE99F48E', 'DAB61181', 'CC5C0AA9', '24D09083', '3722B2D8', '9F6AA058', 'F0772521', 'F6092274', 'C5DD8873', 'B7A6946B', '2024D0E9', '93290F16', '6B155125', '68F518DE', '648A8514', '9949DA34', '58AEC8A4', '57810B3A', '854871DD']",141,unconfirmed
creature_431,"['x_11', 'y_21']",11,"['22C0615B', '1276E545', 'D2E85BDA', '8DDA5C7A', '7C4048F3', '9FEAA8B0', '7BFF9DF6', 'EB61FB48', 'D59F39B6', '6253838F', '66664008', 'EFC98E3C', 'A288699C', '843982C0', '4BF1C8FC', '7F619E6D', 'FFA89E73', 'E26A4B55', '9C2418D3', '18F22DAD', '7DD0A4A5', '4EA69D97', '7C332ED6', '2384A6EC']",141,unconfirmed
creature_432,"['x_125', 'y_3']",10,"['2FFA05F0', 'D49A518F', '5490C36E', 'D0FDB465', '0E8C422B', 'C3024C28', 'BAF55315', 'C5A19A4D', 'C6F30D6F', '7C949BA7', '31ED34B9', 'C919D2EE', '548B943E', '9CB71061', 'B22B0BC9', '84986253', '8646E449', '34E66B4D', '422A5ABD', '9C66EBFB', '68F518DE', '0AEEC4BC', '3E5E60D0', '1CDEA30D']",141,unconfirmed
creature_433,"['x_18', 'y_47']",150,"['6B8CA017', '54BE2FDE', '32FD650E', '4D54AC5A', '0F02F7CD', 'E0703EB6', '4366961D', '4232A11B', '3BFA8691', '26A60592', '4461585C', '8EF4E6A1', '8392D94A', '73298712', '79F1712C', 'FCEDF235', '01D68140', 'E4B9DFC5', '51B1C738', '93BDDDC6', 'AEDA56C2', '682DBA79', 'C6CDA561', '4980E4DA']",141,unconfirmed
creature_434,"['x_39', 'y_61']",10,"['5B65F89D', '2AA53F41', '3904A07A', '999F0D4D', 'D8C5033A', '65845AEA', '52290927', '9EC9085E', '1A0D23C4', '9621A67D', '5316E2C3', '1B6883D5', '482A86DB', 'D686EA91', '94B67AE2', '6F1D8803', 'C19711B9', 'D98C2DEA', '5FD36F28', 'FC398EA2', '802F0D37', '67C9D767', 'BC1435F1', '804510D2']",141,unconfirmed
creature_435,"['x_115', 'y_42']",10,"['BA4E0780', 'A5A56EF5', 'D9994B28', 'D9994B28', 'BCBCAA5A', '125C2F71', 'E1741238', '75CB667D', '5FD36F28', '24CC5731', 'E11738AC', 'ED9BAA32', '2E3F235B', '287B3A44', '5B65F89D', 'B37579CC', '2D678475', '6AA28838', '18F22DAD', '6F1D8803', 'E110DCE0', '9C1CCA5F', 'B83C0A05', '8E2A7C1D']",141,unconfirmed
creature_436,"['x_124', 'y_1']",27,"['36563CFA', '6F1D8803', 'CC9D3266', '999F0D4D', 'B37579CC', '237C6643', '909EFADD', '75425CAA', 'C8019255', '8C65FBDA', '125E8580', '61958534', 'E50BD852', 'F88452E9', 'EE60C951', 'A8799DA2', 'B57263E0', 'E1741238', 'C6B24A19', '5C08E6F4', '482AC6DB', 'A769E83B', '90F33B54', '3BFC8105']",141,unconfirmed
creature_437,"['x_127', 'y_22']",10,"['59BDFE8B', '17B2DAD9', 'BD2E87F2', '644C79A2', '74F84126', 'ED9BAA32', 'AC87F00A', '7759D496', 'F56FF5C2', 'A8650ADE', '9F2781A5', '959775DA', 'E27BE895', 'E7640956', 'D59F3996', '1AAF8EE5', '8A7AD520', 'BA9167C3', 'E1745238', 'F5543902', 'EE08052C', '74EDF235', '574E0FDB', 'C7108CA4']",141,unconfirmed
creature_438,"['x_32', 'y_127']",146,"['06669DFC', 'F88452E9', '8828B015', 'F704F320', '263B3BCE', '0D2D2ED7', '125E8580', '90F33B54', '9198C6BD', 'A258156D', 'B56E46B0', '122825E1', '0E6A0123', '0C713F1B', '9038FDF0', '4BF1C8FC', '376A5924', 'ED9BAB32', '5785F529', '7905473A', '5F5AC892', 'B7BA8CEA', 'C49A0D89', '5181FC56']",141,unconfirmed
creature_439,"['x_127', 'y_101']",10,"['74A3EC5C', 'EF372EEC', 'A8650ADE', '4A2D655A', 'A44C2B2D', 'A02AA1E2', 'DFD9C938', '849DECE1', '84986253', '69DA8244', '0858D308', '644C79A2', '426EA080', '0E8C422B', '7556AEFF', '1035B1DD', 'BAAB0722', '287B3A44', '5119E38F', '67844244', '54B41E3B', 'EC5A3802', '0A8B13C1', '04335DFF']",141,unconfirmed
creature_440,"['x_126', 'y_62']",10,"['EF85B722', 'E1745238', 'AD902106', 'BC91F706', 'C8019255', 'C1497B6F', '9B802410', 'D1574487', '9C66EBFB', 'D844C6BE', 'D7BDCB97', 'F0816C2D', 'B469565B', '107BD50B', '9689CC38', 'E7AE8BE1', '1FA91C19', '07E99CD4', '4E92DDA5', 'E43A2E59', '42A3ED44', '07FA0DE4', 'F1ECD5A7', '51CD4957']",141,unconfirmed
creature_441,"['x_117', 'y_106']",10,"['F779340F', '0EB861D8', 'C0BCBD74', 'E007DA99', 'B93E478E', 'A86E359B', '1A9EC5AB', '0CA1692F', 'CAC4658E', '8541C582', 'E0FC56DD', '59AE4175', '2AA53F49', 'ED3F601F', 'AEA5A958', '6E1D5425', '89B9ACB0', '8040362D', 'B8DFE920', '6252E8B8', 'BC91F706', 'F56FF5C2', 'EA9CA5F8', '94B67AE2']",141,unconfirmed
creature_442,"['x_93', 'y_79']",147,"['5B65F89D', '01EFA2E7', '5C3DC87A', 'F7DF419A', '91BDCCF3', '51CE23E5', '1FA91C19', '93290F16', '70A24F48', 'ED8AFD45', '4C5546C0', 'B56A6AB5', '2A0836EA', '400BCF41', 'E0F6DA34', 'FAA3A6F7', 'AAFE6C13', 'D9A09184', '27F68044', '3F58BAEB', '1CDEA30D', 'BCE80F2D', 'D24B4D96', 'DFD9C938']",141,unconfirmed
creature_443,"['x_61', 'y_125']",10,"['B57263E0', 'BCFB34A0', 'C66881DB', '6A18B2D9', 'F82E1760', '599DB2DB', 'CC9D3266', 'C1368D52', '5320E806', '3BFC8105', 'D001CD44', '0A449CDA', '2D04199F', 'EE60C951', 'F07FE48F', '5E6331C5', '855B953D', '4453FD4C', '363E48D8', '5C08E6F4', '00D68140', '19578D5A', 'F7646DDA', 'BE8B3E3C']",141,unconfirmed
creature_444,"['x_125', 'y_127']",10,"['81D9979A', 'AD30F860', '3952E9C1', '37F2FCA6', '7F619E6D', '5491C36E', 'ED9BAA32', '3379A416', '6774989A', '0D89A834', '903CFA13', '5C1D486C', '81A7B8C8', '673CB9AF', 'C8B437BA', 'E50BD852', '566A6EA8', '96E0A3D4', 'DDD09CB6', '4223ED44', '802FCD91', '7E332ED6', 'ECA5C4F8', '4425109A']",141,unconfirmed
creature_445,"['x_127', 'y_124']",89,"['673CB92F', '54378A0D', 'A4122050', '4BF1C8FC', 'EF56694B', 'A25FDBDD', '7222872D', '73D1F6FE', '8392D94A', '20207F9B', '51CD4957', '4366961D', '64B95CF1', 'E249429C', '11EE6A66', '903CFA13', '780CDCED', '39CAACE6', '3677CFED', 'FD8DD222', '8495BB13', '73204A58', 'D0FDB465', '9DC07A63']",141,unconfirmed
creature_446,"['x_127', 'y_94']",61,"['B26EC4EA', '039FFB8D', '82F505C1', '664CEDD2', '9B116DD9', '8E974473', '7186889C', '33854B85', 'E32E6514', '09057C13', '3E5E60D0', '2B89D200', '541CA716', 'C3B5259D', 'C7F08942', '0FF2A76F', '3B5DE015', 'B4784CC4', '52162F84', 'DBEAF6A3', '28E5A189', '5AD579B9', '3759BF2F', '4158779C']",141,unconfirmed
creature_447,"['x_103', 'y_36']",10,"['9F6B5416', '2582CC05', '6A50959E', '5B6777B2', '88A19BB6', 'DEBCA2D6', '76A63C2C', '92BEF07B', '3136A296', '5A9CF066', 'CC5C0AA9', 'F993F147', '7222872D', '6EDB5E78', '5EF12090', '8F95DDCA', 'F82AE811', '8828B015', '0C9F0199', '3391CC69', 'ECA5C4F8', '37F47DEE', '08D68140', '1CDFCD62']",141,unconfirmed
creature_448,"['x_127', 'y_67']",57,"['3AF3F8D2', 'FB323CBB', '92D83242', 'AEECEB84', '11D86E6A', '290BF8FC', 'F1ECD5A7', '34434173', '5991DD5C', '78461CDA', '44E68D53', '08C27AC9', 'D900816D', 'FAB61181', '6B155125', 'E59604D7', '74E08B75', '6CCE6BA1', '2582CC45', '86FD2E42', '2FFDDEF1', 'DB644252', 'E50BD852', '6ABCDAC0']",141,unconfirmed
creature_449,"['x_66', 'y_13']",10,"['7A0BFF1D', '854871DD', 'DE3CA2D6', 'E905E5F9', 'F92C6DBD', '065C546E', '4CB54DAB', '83547E7E', '96037C49', '89BC2044', 'EA9CA5F8', '81A7B8C8', '8C9B8F98', '34B3F03A', '091A10BD', '2EE562C8', '24D234C2', '5A9CF066', '62D3B362', '673CB92F', 'CCC7C269', 'CDC37939', 'AF9DE748', 'CBD87889']",141,unconfirmed
creature_450,"['x_127', 'y_29']",10,"['34434173', 'C94B1745', '887160BF', 'FA4C5F28', 'F2F7AE45', '3F88F49A', '475379E6', 'C49A0D89', 'C66881DB', '387C0BE1', '536E19C0', 'F704F320', 'F1ECD5A7', '8FB3621C', '7B461EAC', '8D3F1E80', '8218212C', '232DC21E', '74EBC956', '293FD127', '657C8442', '0319A751', 'B0782CC6', 'EAAAF334']",141,unconfirmed
creature_451,"['x_125', 'y_19']",151,"['ED9BAA32', '70D48A4E', '2FFDDEF1', 'FA6E69A5', '08B1B65F', '2C0FEFA8', '9F39228F', 'EA773D84', 'C88818E6', '33579DF2', 'A16EC09C', 'F8EB0672', '7F71610A', '3677CFED', '231B4B49', '3F38C6A2', '3AF3F8D2', 'EA1231BC', '482E41A8', '6712CFD6', '55BD4F75', 'AFC8990A', '0AA6BEA9', '4D617B8E']",141,unconfirmed
creature_452,"['x_126', 'y_119']",151,"['0AF4CF1C', '93E4F770', '374B601B', '41FAD1E7', '5455E9AB', 'C7108CA4', '644C79A2', '107BD10B', '54DB2C6B', 'A6A1CC2D', '37345834', '2A083EEA', '15483906', 'E203D2EE', '90A9F528', '5ECC9C7B', '5F4B5C01', '8BA57DEC', '3F38C6A2', '05F1330D', 'CC4CFD33', '69044DAD', 'F57A2EF6', 'C0F82E55']",141,unconfirmed
creature_453,"['x_127', 'y_123']",10,"['04EEB78F', '0296E9E7', 'D8097EAD', '8392D94A', '144186A8', '79F1712C', '0BB135B0', '4232A11B', '01D68140', '32FD650E', 'CD54AC5A', '5C463166', '0D758F82', '5937DCD7', '8EF4E6A1', '3391CC69', '04EEB78F', '0FF2A74F', '7CEDF235', '5B85215F', '5181FC56', '0E8B13C1', 'A72A12FA', 'E50BD852']",141,unconfirmed
creature_454,"['x_125', 'y_58']",139,"['5A0779F6', '42EAE354', '28DB632B', '120FEAF1', 'EF1781DC', '8BFED1F9', '0924EEAB', 'F7B03AA1', '15A3E0DC', 'D307ACD3', '6684F85C', '4E2C9144', '46BFF051', '2290B606', '0266C359', '4AF931E4', 'D62F1DF9', '804500D2', '973BF6D8', '69DA8244', '814F120F', '6F0486C9', 'AA95606D', 'C166264C']",141,unconfirmed
creature_455,"['x_94', 'y_106']",10,"['A44C2B2D', 'A02AA1E2', 'CFD87889', '681C0975', '849DECE1', '5119E38F', 'FD8EDA7D', 'CBD87889', '116C1344', '1BD52A87', 'AB289279', '0858D308', '763B6941', '79D80C58', 'B7931A86', '54B41E3B', 'F0944B4A', 'F05B2C89', '04335DFF', 'BAAB0722', '3391CC69', '518EFA39', 'E665C1BE', 'FC184F37']",141,unconfirmed
creature_456,"['x_127', 'y_83']",10,"['2A7D3376', '2A083EEA', 'FC398EA2', '6F49D767', '599DB2DB', 'C88DA53F', '0AA933EE', 'E4788AF5', '988A8327', '6CCC5AD3', 'B18C42A3', 'E40251E2', '0296E9E5', 'AAE0CA3B', '0E8B13C1', 'F9B37898', '7E42C151', 'BC4D2027', '07D70FF5', '68F518DE', '7D89C1FF', 'D939350D', '7E3C1883', '91442190']",141,unconfirmed
creature_457,"['x_126', 'y_110']",10,"['6B155125', '75FF192A', '6ABCDAC0', '66398E96', '2E903A02', '9B116DD9', '2B6530D3', '6573DFBC', '6573DFAC', 'C7A638C3', '96D0C342', '148FBBD2', '33C924EC', 'E273729C', '518EFA39', 'B435E451', '4BD3010E', '74A3EC5C', '3677CFED', 'A4122050', 'ABD93AD0', 'E675C1BE', '148EED11', 'A4122050']",141,unconfirmed
creature_458,"['x_125', 'y_111']",39,"['A4894B78', 'C166264C', '999F0D4D', 'C7F1D080', 'C02D778D', '68811C05', '0EB861D8', 'B83C6908', '78B7E9CC', '4D007EA5', '7EC3A4CC', '1291F3BA', 'C25571B0', '4980E4DA', '0BB135B0', 'A6BBDF57', '6DE2B10C', '9457835C', 'C61BAE83', '476CAF15', 'DAB002D3', '42B11193', '70695B8D', '7BFF9DF6']",141,unconfirmed
creature_459,"['x_21', 'y_20']",149,"['1A7B5DCF', 'EB61FB48', '26DBE057', '6774989A', 'A1AD996E', 'F8EAD7CC', '999F0D4D', '079F8773', '44A38608', '06A362CA', '72E63E0C', '41FAD1E7', '8A74C793', 'D44CD9EE', '45995B5A', '99F6BBD9', '5491C26E', '4087CE69', 'C1497B6F', '5119E28F', 'C83415BA', '9C1CCA5F', '6E15D403', '4E4CAC11']",141,unconfirmed
creature_460,"['x_127', 'y_120']",10,"['70D48A4E', '3925F231', '99DF6FC8', 'A44C2BAD', '6AA28838', '2E95ADCF', '0C9F0199', '8BDED9F9', '66404E43', '1CDEA30D', '3F88F49A', '552E48B1', '8CD99024', '7091E9C3', '9055E348', '2582CC45', 'D7293B49', '4AF931E4', 'EE99F48E', '1A9EC5AB', 'DFFE7AFF', '5CDB2C63', 'A8F25545', '9C2418D3']",141,unconfirmed
creature_461,"['x_126', 'y_31']",10,"['968D07C2', '694A0115', 'DB644252', 'AC2BBB4C', 'A08F07B8', 'D59F39B7', 'E3BA6DF2', 'CF3E7190', 'DA7166EB', '909EFADD', '4BB03925', '37F2FCA6', '57810B3A', 'F17E545D', '3B9F6F2E', 'A2B61F74', 'CBDE245A', '88C93124', '5700AFF8', '320CD249', 'A6AE0192', '5650A7DC', '9198C6BD', '5202FA6C']",141,unconfirmed
creature_462,"['x_37', 'y_0']",24,"['86A8CA62', 'D5DE6459', 'CBED0331', 'ECB2DE99', '5B20DCE0', 'DC424390', '237C6643', 'D84923B4', 'A4015E45', '61958534', 'F0F68DC7', '039FFB9D', '3602B10A', '609C2720', 'C65CB76F', '5C3D487A', '246949ED', 'EDCE12E4', '8828B015', '767BD22A', 'F0341F5C', 'C49A0D89', 'CCBA2C02', '3F9431F2']",141,unconfirmed
creature_463,"['x_127', 'y_40']",10,"['9E109FFA', '9949DA34', '2CF41631', '7D89C1FF', 'C852980B', '04335DFF', '7E3C1883', '6E5D830C', '5571E820', '4A2E41A8', 'F128115B', '5320E806', '9144E975', '3E5E60D0', '6684F85C', '4A9098E1', 'E18F8E6A', '07D70FF5', '2A083EEA', '43B29CBB', '8C768528', '6A90D883', '68F518DE', '27D9F4D0']",141,unconfirmed
creature_464,"['x_24', 'y_0']",10,"['C7F1D080', '81B553FF', 'D9994B28', 'D98C2DEA', '6F1D8803', '46468107', 'CAC4658E', '18F22DAD', '58F028CC', '857ED838', 'B37579CC', '301D232A', '7FE9B44D', '2D678475', '14B7D383', '24CC5731', '8E2A7C1D', '3D0FD67C', '5AD579B9', '6083D3BC', '7156D28A', 'E110DCE0', 'FE05DD59', 'BA4E0780']",141,unconfirmed
creature_465,"['x_112', 'y_102']",10,"['4980E4DA', '3391CC69', '759FCBFD', '0C1CDC02', '688C3320', 'C6CFB8A3', 'C919D2EE', 'F58DD222', '0BB135B0', '21C2793F', 'CEB2593B', '9BBDD6F9', '855B953D', '06669DFC', '6A210C11', '0F02F7CD', 'B7A6946B', '75E022C2', '8974DE6B', '98A43E18', '06D8ED4D', '476CAF15', '1291F3BA', 'B622706B']",141,unconfirmed
creature_466,"['x_126', 'y_4']",10,"['7D92D0C1', '98A43E18', '7B484FC8', '6C99E3D0', '6CCE6BA1', '9190C6BD', 'D30AB1E7', '14D32DE3', 'A73FECF8', '374B601F', 'A8E030EB', 'D0EDC561', '14D9CA2D', '548EEDAE', 'AB942D6A', '209232AE', '2D93C39E', '4980E4DA', 'AFA795D9', '7490A18F', '6C2337C2', '4E2C9144', '14B7D383', 'D6593013']",141,unconfirmed
creature_467,"['x_105', 'y_0']",25,"['05F66855', '9467EE5E', 'F4F84126', 'F0B11169', '1FA91C19', 'E7A20C37', '6B33C80D', '86818E69', 'FDF3322B', '59DAFA88', '8828B015', 'D9994B28', '4BD3010E', '58AEC8A4', '39CAACE6', '9DF0FB4D', '780CDCED', 'E334758E', '06DBC27C', 'EE99F48E', '673CB92F', '88C93124', '574E0FDB', '7CFCE91E']",141,unconfirmed
creature_468,"['x_126', 'y_125']",10,"['6ABCDAC0', 'FAA3A6F7', '0634A501', '4D616D76', '3602B10A', 'DC424390', 'B7931A86', '229CA469', '3B3A0A56', '5B209CE0', '5E702F07', '8C4CD510', 'EC253222', '6E442095', 'C0088E1B', '21DC51E3', '039FFB9D', '5785F529', '66398E96', 'C5A19A4D', '6BD384D5', 'AE839F45', 'AB289279', '14D32DE3']",141,unconfirmed
creature_469,"['x_58', 'y_90']",107,"['C7A238C3', 'A8DB6051', '235102F6', '054DC78D', 'D844C6BC', '5A9CF066', '5EF12090', '3F5893D9', '4FD8D63C', '54B41E3B', '6EDB5E78', '9F6B5416', '0319A751', '3D5284B6', '125C2F71', '35F47DEE', 'ACAF9269', 'AFA356B9', 'D23A7A94', 'F5D1E39C', 'ECA5C4F8', '3136A296', '57F4A63A', '08206506']",141,unconfirmed
creature_470,"['x_125', 'y_91']",36,"['56B699CC', 'C5DD8873', 'C9F495BD', 'DDADF083', '7C481479', '1BC87B99', '90A9F528', 'D8F7B27D', '35F47DEE', '41461196', '6A33C80D', 'AD098315', '0D45DBFC', '1C501D6D', '2A2A32AB', '16E3FDE5', '5785F529', '00747F80', '55D946FC', 'D9A09084', '293FD127', '24DA34C2', '075C546E', '99B50226']",141,unconfirmed
creature_471,"['x_90', 'y_1']",19,"['EB694007', 'A32279CF', '793D60FA', '4FFF8241', '4E75E747', 'F07E64AD', '3D0FD67C', 'AB801DFD', 'C0D7F365', 'FE05DD59', '8196A79D', '7156D28A', 'BBBB5769', '6883D3BC', 'D98C2DEA', 'C7F1D080', '1BADAE92', '9C1CCA5F', '5AD579B9', '4AE0F65C', '90680C3C', 'FE5A2DC4', 'CAC4658E', 'B86717A8']",141,unconfirmed
creature_472,"['x_16', 'y_0']",10,"['45995B5A', '9C1CCA5F', '58AEC8A4', 'F1ECD5A7', 'E50BD852', '9DF0FB4F', '9E74445E', 'F53450E1', '8C65FBDA', '3379A416', '11D86E6A', 'E8CBC0A0', '72E63E0C', '58AEC8A4', '079F8773', '93290F16', 'F1ECD5A7', '06A362CA', '57810B3A', '26DBE057', '28AE9CC3', '1A7B5DCF', 'E859B700', '4087CE69']",141,unconfirmed
creature_473,"['x_94', 'y_25']",10,"['B79C6CBC', '58F028CC', 'C65CB76F', 'F88452E9', '6083D3BC', '8C19F396', 'AF9DE748', '3904A07A', '1E5C57A3', '7FE9B44D', '66404E43', '039FFB9D', 'CBED0331', '69044DAD', 'E1745238', '18140F4C', '7156D28A', '9574F712', '5C08E6F4', '14D32DE3', '2B76AB10', 'A8E030EB', 'E4788AF5', 'BA6FFD6E']",141,unconfirmed
creature_474,"['x_73', 'y_0']",10,"['599DB2DB', '92B373BC', '1A929FD0', '81D9979A', 'ED9BAA32', '02A933EE', '4EE18C9A', '88C93124', '26540BE2', '26A1D984', '1F1723B4', 'FE8735FB', '7F619E6D', '878F17B1', '66404E43', 'A0B241FA', 'FDF3322B', '9EA996DE', '125C2F71', '0A698DAE', 'A7605E29', '673CB9AF', 'DDD09CB6', '8AA55F2E']",141,unconfirmed
creature_475,"['x_94', 'y_79']",10,"['44BB06E9', '68811C05', 'C19711A9', '3A952A5B', 'BAAB0762', '9949DA34', '78073B8E', '020FBD60', 'B75353DC', 'FA4C5F28', 'DFFE7AFF', '4E7E245C', 'E273529C', '9DEB88DD', 'F7B03AA1', 'BBBB5769', '2FFA05F0', '30476ECB', 'BB3B803B', '7B484FC8', 'B22B0BC9', 'D646D308', 'EE56A0E7', '68F518DE']",141,unconfirmed
creature_476,"['x_126', 'y_33']",22,"['41DEA037', 'D0ADC563', '5406800F', 'AC4867EE', 'AF9DE748', '2BEFC793', 'ED8AFD45', 'E16EE92F', '00D68140', '8471D1B9', '0A2CC3ED', 'D8F7B27D', '143FDE57', 'F90FEA0F', '44BB06E9', 'F7F309F5', '909EFADD', '5615A924', '0E9D9549', '07A1FAF2', '363E48D8', '29C44705', '0E2E60C6', '00747F80']",141,unconfirmed
creature_477,"['x_88', 'y_127']",10,"['A2F8A9DD', 'F663B29C', '437A79BA', '2E903A02', '6F75B2DB', 'DE3CA2D6', 'B6131718', 'E273529C', 'B94F5E9E', 'A3A7E62A', '1FA91C19', '3C83C004', '8818A1BA', '6B155125', '96038440', '1FA91C19', 'C66881DB', 'E50BD852', '04335DFF', 'DF1D8BDA', 'ED340226', '706DA9C2', 'C3CFC63A', 'F9563E38']",141,unconfirmed
creature_478,"['x_29', 'y_8']",10,"['08206506', '6751513B', 'EC812CC6', 'C53A1A54', 'BABC4BE5', '68B467BD', '8E744255', '3BFC8105', 'E774C316', '7DD0A4A5', '3E38D558', 'C66881DB', '0A09F078', 'CC9D3266', '143C36AB', '5E6331C5', '300F15AB', '226AF19E', '36563CFA', 'B63CC65D', 'B57263E0', 'E50BD852', '58C9C10F', '2013B824']",141,unconfirmed
creature_479,"['x_110', 'y_0']",10,"['9FA20275', 'B7A6946B', '374B601F', '27A0F613', '60FC1C3F', 'A6A1CC2D', '74A2F301', '5ECC9C7B', '86A8CA62', '2A083EEA', '5202FA6C', '6BB38916', '90A9F528', '9D745F76', 'E77F7C18', '54378A09', '644C79A2', '3C02B3B5', 'F0816C2D', '15483906', '4232A15B', 'F92C6DBD', '1AAF8EE5', '54378A09']",141,unconfirmed
creature_480,"['x_89', 'y_69']",10,"['143FDE57', '8C19F396', '7F71610A', '917611C5', '4366961D', '311A236D', '93A6BC3D', '0C2235BD', '54378A0D', 'B7911A86', '00D68140', '5B88F697', '8392D94A', '2727952F', 'ABD93AD0', '988A8323', '48DD7A2F', '5E7E245C', 'F501A344', 'E404B9CE', '7B484FC8', '363E48D8', 'E273529C', 'D646D308']",141,unconfirmed
creature_481,"['x_127', 'y_86']",10,"['802FCD91', '90F33B54', '3F5893D9', '0296E9E7', '5202EA6C', 'B2D68427', '973BF6D0', '4EE18C9A', 'FA6E69A5', '91B8B0EB', '9BBDD679', 'C167264C', 'AF9DE748', '2D814356', '0FF6A76F', '98517A05', 'B7A6946B', 'C919D2EE', '6A33C80D', '687B74BE', '4087CC69', 'EB97C6A0', 'FD361BFE', '4A2D655A']",141,unconfirmed
creature_482,"['x_127', 'y_87']",10,"['2F39B609', '5558CD22', 'A02AA1E2', 'A2887A94', 'E0703EB6', '6252E8B8', '0858D308', 'C7F1D080', 'E50BD852', '664BD4AD', '763B6941', '4E92DDA5', '79D80C58', 'F8EAD7CC', '226AF19E', 'CEBB55A2', '6A50959E', '88A19BB6', '8828B015', '8646E449', '9E74445E', 'B9E1C858', 'D900816D', '8F955DCA']",141,unconfirmed
creature_483,"['x_106', 'y_127']",10,"['39CAACE6', '433BE5FE', 'F47C421E', '5571E820', '9457835C', '7045BF5B', '414611B6', '6A50959E', '6B33C80D', 'AE0018BB', '574E0FDB', '166FF6E8', '9467EE5E', '1FA91C19', '5694F172', 'A4122050', 'ED105464', '115A5136', 'E4805078', '6E74E529', '24DA34C2', 'ED9BAA32', 'EE99F48E', '74F84126']",141,unconfirmed
creature_484,"['x_110', 'y_31']",151,"['2BA0B9FA', '2EF7B3B1', '26DBE057', '125E8580', '3B5DE015', 'DC5CF99B', '966B3FA4', '1E77759E', 'A0B61F74', '4E4CAC11', 'E8B778BC', 'C034AA51', '72E63E0C', '9C1CCA5F', '45995B5A', 'CC9D3266', 'D84923B4', 'DB7F23E0', 'E50BD852', '1F1723B4', '44A38608', '29C44705', 'D8FFC82A', '954DDE9B']",141,unconfirmed
creature_485,"['x_117', 'y_0']",15,"['B56A6AB5', '9144E975', '2CB2BE79', '17D05BCA', '3A952A5B', '47B0CE19', 'A4683772', '6A946900', 'D7CD9158', '1BADAE92', 'C852980B', '6B33C80D', '802F0D37', '71802F67', '68811C05', '9B052FAD', '0C9F0199', 'EE56A0E7', '0296E9E7', '840F5FE3', '7FF6CF76', '3FDB886E', '8218212C', '5634F226']",141,unconfirmed
creature_486,"['x_0', 'y_24']",66,"['5977D0FD', 'DDD09CB6', 'FA55C90B', '3BBF0B3D', 'DDCFCAD2', '5650A7DC', '3B9F6F2E', '4977AB44', '6C3B4726', 'AAFE6C13', '6AE16D63', '01BCF880', '6712CFD6', 'D0ADC563', 'FE8735FB', '290BFCFC', 'F368763A', '22B0B606', '8CBA2C02', '602D340D', 'CE9831C0', '4980E45A', 'C7A6D29C', '84C64AA3']",141,unconfirmed
creature_487,"['x_72', 'y_32']",31,"['DE3CA2D6', '11D86E6A', 'A611895F', '62D3B362', '0F44438B', '6AE16D63', 'DA7166EB', '79146F64', '9916A5D3', '87B52645', '26EDEB76', '6684F85C', '9154E975', '080D0569', 'DE79A4C2', 'FC6D7BCA', '66053909', '24D09083', '8BF6C498', 'C7045CF3', '968D07C2', '3925F231', 'CB2B1960', 'C99C6892']",141,unconfirmed
creature_488,"['x_127', 'y_8']",10,"['AD902106', 'C8019255', '412F2101', 'F1ECD5A7', 'D7BDCB97', '613C730A', '21BCF880', '122825E1', 'C7F926FE', '9C66EBFB', '3677CFED', '376A5924', 'FB0439EE', '1FA91C19', 'DDD09CB6', 'AAFE6C13', '954DDE9B', '7CE04933', 'D0FDB465', '0BB135B0', '57810B3A', 'E43A2E59', '5E7E245C', '9038FDF0']",141,unconfirmed
creature_489,"['x_127', 'y_38']",10,"['3904A07A', 'F07E64AD', '1CCEA30D', '9F6B5416', 'B115DC9D', 'EF2F3791', '2907696D', '7FE9B44D', 'AB4533A4', 'F90FE80F', '290BF8FC', 'EC3F215C', '60FC1C3F', '1FA91C19', 'B683ADCA', '5FD36F28', '9C1CCA5F', 'F92C6DBD', '4AE0F65C', '27A0F613', 'C467FD49', '855B953D', 'D844C6BC', '6CD9E88E']",141,unconfirmed
creature_490,"['x_127', 'y_54']",10,"['CD7B1A8C', 'A44C2B2D', '0E4B7DDD', 'BD2E87F2', '2DD23FC7', 'AAE0CA3B', '7B484FC8', '26A1D984', '54B41E3B', 'DF937244', '5937DCD7', '5A9CF066', '0532368B', 'EC5A3802', 'BAAB0722', '946E73D7', '5634F226', '3E487975', '378FDB37', '144186A8', '01EBC011', '0296E9E7', 'C9F595BD', '0392FAAE']",141,unconfirmed
creature_491,"['x_97', 'y_0']",10,"['8BFED9F9', '4E4CA811', '16DF47B9', '1E9D9549', '3952E9C1', '6017DA39', '8B560A1A', '00D551A8', 'F9A8EBAA', '412F2101', '363E48D8', 'A25FDBDD', 'B622706B', 'F4245779', '89A87203', '4425109A', '311A236D', 'E260BBE5', '2E22F95A', '4E75E747', '2FD87B80', 'F23B3C5B', '8495BB13', '566A6EA8']",141,unconfirmed
creature_492,"['x_127', 'y_103']",10,"['67844244', 'CBD87889', 'EE99F48E', '558EEDAE', 'E313AA8F', 'F47C421E', '6899024B', '92B373AC', '72539D71', 'F0DA66C0', '9EA996DE', '953E2983', 'D16F95B1', '56B699CC', 'AB942D6A', '04C11D57', 'F0816C2D', 'A73FECF8', 'BB24D962', 'D31C5522', 'E7AE8BE1', 'AE54293E', '34D9CA2D', '2A86E375']",141,unconfirmed
creature_493,"['x_127', 'y_80']",142,"['4ECCCE9C', '07D70FFD', 'AA57BF2D', '7FF6CF76', '26EDEB76', 'C392C690', 'C53481DF', 'DB545C8D', '71802F67', '3A3E399A', 'B9BA3B93', '432CB6C1', '5937DCD7', '5694F172', 'AF9DE748', 'D59F39B6', '7BFF9DF6', '86A8CA62', '892EC5B9', 'A2F8A9DD', '208A4EE3', '72E630B6', '6AFBFD8D', '25DC8513']",141,unconfirmed
creature_494,"['x_127', 'y_92']",10,"['039FFB8D', '599DB2DB', '0F2E60C6', 'FAA3A6F7', '4366961D', '3391CC69', 'AE00F3D4', '77466F31', 'FE8735FB', '7186A89C', '4D5F206B', '3F58BAEB', '840F5FE3', '2852659C', 'C1368D52', '3D0FD67C', '6712CFD6', '26A1D984', '0903D2DF', 'FDEB6F47', 'AD30F860', 'ED8AFD45', 'B96FD081', '7A1C449A']",141,unconfirmed
creature_495,"['x_28', 'y_35']",10,"['5B65F89D', 'C99C6892', 'FC398EA2', '9EC9085E', '7F71610A', '2F43E643', 'BC1435F1', '1A0D23C4', 'D1BC7DF7', 'B32B491F', 'D646D308', '83EC030B', '6FC9D767', '765BB7A7', 'D9908E41', '0E9864CE', '051A42CC', 'FD8EDA7D', '8C19F396', '291F1798', 'AB289279', '94B67AE2', '5993BD8A', '6E2D195F']",141,unconfirmed
creature_496,"['x_85', 'y_0']",132,"['57F296AB', '1127B85A', 'B09790A7', 'AE54213E', 'F56FF5C2', '91E7F81B', '6B34AF07', '7FF6CF76', 'A7E7298B', 'EC28BA2D', '35F47DEE', 'F0359477', '51FCAFB2', '802F0D37', '4A18B2D9', '52027A6C', '2290B606', '802FCD91', 'AFE8DA11', '4E34999B', 'F9A8EBAA', '2FA6EE26', 'FFA89E73', '547AE424']",141,unconfirmed
creature_497,"['x_13', 'y_0']",123,"['D59F39B6', '3E487975', '7DD0A4A5', '54B41E3B', '0A8B13C1', '7556AEFF', '5558CD22', '4BF1C8FC', '645ADD40', '16943B10', 'BE436FE1', '57F4A63A', '67844244', '5C00E7F4', '26A1D984', '8D34FD4C', 'FB673B89', '849DECE1', 'A8650ADE', '5BAB5C48', '840F5FE3', '5634F226', 'A44C2B2D', 'F05B2C89']",141,unconfirmed
creature_498,"['x_77', 'y_0']",35,"['B01E9708', '28AE838C', 'AA6A13DA', '4556C53A', '2CF6404E', '16943B10', '4D98078D', 'FB673B89', 'C6B24A19', '57F4A63A', 'CDCB273B', 'F0772521', '0AA6BEA9', '32212916', 'A16EC09C', '55BD4F75', 'F872E8E1', '08C27AC9', 'B1475B53', 'D9330A48', '4BF1C8FC', 'D844C6BC', '10513459', '645ADD40']",141,unconfirmed
creature_499,"['x_36', 'y_8']",54,"['58AEC8A4', '08C27AC9', 'E6543A73', '4EEFC7D8', '4977AB44', '28AE9CC3', 'F8214535', '660212A7', 'C5DD8873', '9DAF04B9', 'AFC8990A', '125E8780', '0C1CDC12', '44E68D53', '58412CDC', 'DA127893', '8EFE963D', 'D627E6A2', 'A153AFF8', '11D86E6A', '854871DD', '7D92D0C1', '4011F3AB', '116B7B7D']",141,unconfirmed
